Algorithm: FastMap
Target dimensions: 3
Pivots per dimension:
Dim 1: 999 0
Dim 2: 0 0
Dim 3: 0 0
Object coordinates:
0: 999 0 0
1: 998 0 0
2: 997 0 0
3: 996 0 0
4: 995 0 0
5: 994 0 0
6: 993 0 0
7: 992 0 0
8: 991 0 0
9: 990 0 0
10: 989 0 0
11: 988 0 0
12: 987 0 0
13: 986 0 0
14: 985 0 0
15: 984 0 0
16: 983 0 0
17: 982 0 0
18: 981 0 0
19: 980 0 0
20: 979 0 0
21: 978 0 0
22: 977 0 0
23: 976 0 0
24: 975 0 0
25: 974 0 0
26: 973 0 0
27: 972 0 0
28: 971 0 0
29: 970 0 0
30: 969 0 0
31: 968 0 0
32: 967 0 0
33: 966 0 0
34: 965 0 0
35: 964 0 0
36: 963 0 0
37: 962 0 0
38: 961 0 0
39: 960 0 0
40: 959 0 0
41: 958 0 0
42: 957 0 0
43: 956 0 0
44: 955 0 0
45: 954 0 0
46: 953 0 0
47: 952 0 0
48: 951 0 0
49: 950 0 0
50: 949 0 0
51: 948 0 0
52: 947 0 0
53: 946 0 0
54: 945 0 0
55: 944 0 0
56: 943 0 0
57: 942 0 0
58: 941 0 0
59: 940 0 0
60: 939 0 0
61: 938 0 0
62: 937 0 0
63: 936 0 0
64: 935 0 0
65: 934 0 0
66: 933 0 0
67: 932 0 0
68: 931 0 0
69: 930 0 0
70: 929 0 0
71: 928 0 0
72: 927 0 0
73: 926 0 0
74: 925 0 0
75: 924 0 0
76: 923 0 0
77: 922 0 0
78: 921 0 0
79: 920 0 0
80: 919 0 0
81: 918 0 0
82: 917 0 0
83: 916 0 0
84: 915 0 0
85: 914 0 0
86: 913 0 0
87: 912 0 0
88: 911 0 0
89: 910 0 0
90: 909 0 0
91: 908 0 0
92: 907 0 0
93: 906 0 0
94: 905 0 0
95: 904 0 0
96: 903 0 0
97: 902 0 0
98: 901 0 0
99: 900 0 0
100: 899 0 0
101: 898 0 0
102: 897 0 0
103: 896 0 0
104: 895 0 0
105: 894 0 0
106: 893 0 0
107: 892 0 0
108: 891 0 0
109: 890 0 0
110: 889 0 0
111: 888 0 0
112: 887 0 0
113: 886 0 0
114: 885 0 0
115: 884 0 0
116: 883 0 0
117: 882 0 0
118: 881 0 0
119: 880 0 0
120: 879 0 0
121: 878 0 0
122: 877 0 0
123: 876 0 0
124: 875 0 0
125: 874 0 0
126: 873 0 0
127: 872 0 0
128: 871 0 0
129: 870 0 0
130: 869 0 0
131: 868 0 0
132: 867 0 0
133: 866 0 0
134: 865 0 0
135: 864 0 0
136: 863 0 0
137: 862 0 0
138: 861 0 0
139: 860 0 0
140: 859 0 0
141: 858 0 0
142: 857 0 0
143: 856 0 0
144: 855 0 0
145: 854 0 0
146: 853 0 0
147: 852 0 0
148: 851 0 0
149: 850 0 0
150: 849 0 0
151: 848 0 0
152: 847 0 0
153: 846 0 0
154: 845 0 0
155: 844 0 0
156: 843 0 0
157: 842 0 0
158: 841 0 0
159: 840 0 0
160: 839 0 0
161: 838 0 0
162: 837 0 0
163: 836 0 0
164: 835 0 0
165: 834 0 0
166: 833 0 0
167: 832 0 0
168: 831 0 0
169: 830 0 0
170: 829 0 0
171: 828 0 0
172: 827 0 0
173: 826 0 0
174: 825 0 0
175: 824 0 0
176: 823 0 0
177: 822 0 0
178: 821 0 0
179: 820 0 0
180: 819 0 0
181: 818 0 0
182: 817 0 0
183: 816 0 0
184: 815 0 0
185: 814 0 0
186: 813 0 0
187: 812 0 0
188: 811 0 0
189: 810 0 0
190: 809 0 0
191: 808 0 0
192: 807 0 0
193: 806 0 0
194: 805 0 0
195: 804 0 0
196: 803 0 0
197: 802 0 0
198: 801 0 0
199: 800 0 0
200: 799 0 0
201: 798 0 0
202: 797 0 0
203: 796 0 0
204: 795 0 0
205: 794 0 0
206: 793 0 0
207: 792 0 0
208: 791 0 0
209: 790 0 0
210: 789 0 0
211: 788 0 0
212: 787 0 0
213: 786 0 0
214: 785 0 0
215: 784 0 0
216: 783 0 0
217: 782 0 0
218: 781 0 0
219: 780 0 0
220: 779 0 0
221: 778 0 0
222: 777 0 0
223: 776 0 0
224: 775 0 0
225: 774 0 0
226: 773 0 0
227: 772 0 0
228: 771 0 0
229: 770 0 0
230: 769 0 0
231: 768 0 0
232: 767 0 0
233: 766 0 0
234: 765 0 0
235: 764 0 0
236: 763 0 0
237: 762 0 0
238: 761 0 0
239: 760 0 0
240: 759 0 0
241: 758 0 0
242: 757 0 0
243: 756 0 0
244: 755 0 0
245: 754 0 0
246: 753 0 0
247: 752 0 0
248: 751 0 0
249: 750 0 0
250: 749 0 0
251: 748 0 0
252: 747 0 0
253: 746 0 0
254: 745 0 0
255: 744 0 0
256: 743 0 0
257: 742 0 0
258: 741 0 0
259: 740 0 0
260: 739 0 0
261: 738 0 0
262: 737 0 0
263: 736 0 0
264: 735 0 0
265: 734 0 0
266: 733 0 0
267: 732 0 0
268: 731 0 0
269: 730 0 0
270: 729 0 0
271: 728 0 0
272: 727 0 0
273: 726 0 0
274: 725 0 0
275: 724 0 0
276: 723 0 0
277: 722 0 0
278: 721 0 0
279: 720 0 0
280: 719 0 0
281: 718 0 0
282: 717 0 0
283: 716 0 0
284: 715 0 0
285: 714 0 0
286: 713 0 0
287: 712 0 0
288: 711 0 0
289: 710 0 0
290: 709 0 0
291: 708 0 0
292: 707 0 0
293: 706 0 0
294: 705 0 0
295: 704 0 0
296: 703 0 0
297: 702 0 0
298: 701 0 0
299: 700 0 0
300: 699 0 0
301: 698 0 0
302: 697 0 0
303: 696 0 0
304: 695 0 0
305: 694 0 0
306: 693 0 0
307: 692 0 0
308: 691 0 0
309: 690 0 0
310: 689 0 0
311: 688 0 0
312: 687 0 0
313: 686 0 0
314: 685 0 0
315: 684 0 0
316: 683 0 0
317: 682 0 0
318: 681 0 0
319: 680 0 0
320: 679 0 0
321: 678 0 0
322: 677 0 0
323: 676 0 0
324: 675 0 0
325: 674 0 0
326: 673 0 0
327: 672 0 0
328: 671 0 0
329: 670 0 0
330: 669 0 0
331: 668 0 0
332: 667 0 0
333: 666 0 0
334: 665 0 0
335: 664 0 0
336: 663 0 0
337: 662 0 0
338: 661 0 0
339: 660 0 0
340: 659 0 0
341: 658 0 0
342: 657 0 0
343: 656 0 0
344: 655 0 0
345: 654 0 0
346: 653 0 0
347: 652 0 0
348: 651 0 0
349: 650 0 0
350: 649 0 0
351: 648 0 0
352: 647 0 0
353: 646 0 0
354: 645 0 0
355: 644 0 0
356: 643 0 0
357: 642 0 0
358: 641 0 0
359: 640 0 0
360: 639 0 0
361: 638 0 0
362: 637 0 0
363: 636 0 0
364: 635 0 0
365: 634 0 0
366: 633 0 0
367: 632 0 0
368: 631 0 0
369: 630 0 0
370: 629 0 0
371: 628 0 0
372: 627 0 0
373: 626 0 0
374: 625 0 0
375: 624 0 0
376: 623 0 0
377: 622 0 0
378: 621 0 0
379: 620 0 0
380: 619 0 0
381: 618 0 0
382: 617 0 0
383: 616 0 0
384: 615 0 0
385: 614 0 0
386: 613 0 0
387: 612 0 0
388: 611 0 0
389: 610 0 0
390: 609 0 0
391: 608 0 0
392: 607 0 0
393: 606 0 0
394: 605 0 0
395: 604 0 0
396: 603 0 0
397: 602 0 0
398: 601 0 0
399: 600 0 0
400: 599 0 0
401: 598 0 0
402: 597 0 0
403: 596 0 0
404: 595 0 0
405: 594 0 0
406: 593 0 0
407: 592 0 0
408: 591 0 0
409: 590 0 0
410: 589 0 0
411: 588 0 0
412: 587 0 0
413: 586 0 0
414: 585 0 0
415: 584 0 0
416: 583 0 0
417: 582 0 0
418: 581 0 0
419: 580 0 0
420: 579 0 0
421: 578 0 0
422: 577 0 0
423: 576 0 0
424: 575 0 0
425: 574 0 0
426: 573 0 0
427: 572 0 0
428: 571 0 0
429: 570 0 0
430: 569 0 0
431: 568 0 0
432: 567 0 0
433: 566 0 0
434: 565 0 0
435: 564 0 0
436: 563 0 0
437: 562 0 0
438: 561 0 0
439: 560 0 0
440: 559 0 0
441: 558 0 0
442: 557 0 0
443: 556 0 0
444: 555 0 0
445: 554 0 0
446: 553 0 0
447: 552 0 0
448: 551 0 0
449: 550 0 0
450: 549 0 0
451: 548 0 0
452: 547 0 0
453: 546 0 0
454: 545 0 0
455: 544 0 0
456: 543 0 0
457: 542 0 0
458: 541 0 0
459: 540 0 0
460: 539 0 0
461: 538 0 0
462: 537 0 0
463: 536 0 0
464: 535 0 0
465: 534 0 0
466: 533 0 0
467: 532 0 0
468: 531 0 0
469: 530 0 0
470: 529 0 0
471: 528 0 0
472: 527 0 0
473: 526 0 0
474: 525 0 0
475: 524 0 0
476: 523 0 0
477: 522 0 0
478: 521 0 0
479: 520 0 0
480: 519 0 0
481: 518 0 0
482: 517 0 0
483: 516 0 0
484: 515 0 0
485: 514 0 0
486: 513 0 0
487: 512 0 0
488: 511 0 0
489: 510 0 0
490: 509 0 0
491: 508 0 0
492: 507 0 0
493: 506 0 0
494: 505 0 0
495: 504 0 0
496: 503 0 0
497: 502 0 0
498: 501 0 0
499: 500 0 0
500: 499 0 0
501: 498 0 0
502: 497 0 0
503: 496 0 0
504: 495 0 0
505: 494 0 0
506: 493 0 0
507: 492 0 0
508: 491 0 0
509: 490 0 0
510: 489 0 0
511: 488 0 0
512: 487 0 0
513: 486 0 0
514: 485 0 0
515: 484 0 0
516: 483 0 0
517: 482 0 0
518: 481 0 0
519: 480 0 0
520: 479 0 0
521: 478 0 0
522: 477 0 0
523: 476 0 0
524: 475 0 0
525: 474 0 0
526: 473 0 0
527: 472 0 0
528: 471 0 0
529: 470 0 0
530: 469 0 0
531: 468 0 0
532: 467 0 0
533: 466 0 0
534: 465 0 0
535: 464 0 0
536: 463 0 0
537: 462 0 0
538: 461 0 0
539: 460 0 0
540: 459 0 0
541: 458 0 0
542: 457 0 0
543: 456 0 0
544: 455 0 0
545: 454 0 0
546: 453 0 0
547: 452 0 0
548: 451 0 0
549: 450 0 0
550: 449 0 0
551: 448 0 0
552: 447 0 0
553: 446 0 0
554: 445 0 0
555: 444 0 0
556: 443 0 0
557: 442 0 0
558: 441 0 0
559: 440 0 0
560: 439 0 0
561: 438 0 0
562: 437 0 0
563: 436 0 0
564: 435 0 0
565: 434 0 0
566: 433 0 0
567: 432 0 0
568: 431 0 0
569: 430 0 0
570: 429 0 0
571: 428 0 0
572: 427 0 0
573: 426 0 0
574: 425 0 0
575: 424 0 0
576: 423 0 0
577: 422 0 0
578: 421 0 0
579: 420 0 0
580: 419 0 0
581: 418 0 0
582: 417 0 0
583: 416 0 0
584: 415 0 0
585: 414 0 0
586: 413 0 0
587: 412 0 0
588: 411 0 0
589: 410 0 0
590: 409 0 0
591: 408 0 0
592: 407 0 0
593: 406 0 0
594: 405 0 0
595: 404 0 0
596: 403 0 0
597: 402 0 0
598: 401 0 0
599: 400 0 0
600: 399 0 0
601: 398 0 0
602: 397 0 0
603: 396 0 0
604: 395 0 0
605: 394 0 0
606: 393 0 0
607: 392 0 0
608: 391 0 0
609: 390 0 0
610: 389 0 0
611: 388 0 0
612: 387 0 0
613: 386 0 0
614: 385 0 0
615: 384 0 0
616: 383 0 0
617: 382 0 0
618: 381 0 0
619: 380 0 0
620: 379 0 0
621: 378 0 0
622: 377 0 0
623: 376 0 0
624: 375 0 0
625: 374 0 0
626: 373 0 0
627: 372 0 0
628: 371 0 0
629: 370 0 0
630: 369 0 0
631: 368 0 0
632: 367 0 0
633: 366 0 0
634: 365 0 0
635: 364 0 0
636: 363 0 0
637: 362 0 0
638: 361 0 0
639: 360 0 0
640: 359 0 0
641: 358 0 0
642: 357 0 0
643: 356 0 0
644: 355 0 0
645: 354 0 0
646: 353 0 0
647: 352 0 0
648: 351 0 0
649: 350 0 0
650: 349 0 0
651: 348 0 0
652: 347 0 0
653: 346 0 0
654: 345 0 0
655: 344 0 0
656: 343 0 0
657: 342 0 0
658: 341 0 0
659: 340 0 0
660: 339 0 0
661: 338 0 0
662: 337 0 0
663: 336 0 0
664: 335 0 0
665: 334 0 0
666: 333 0 0
667: 332 0 0
668: 331 0 0
669: 330 0 0
670: 329 0 0
671: 328 0 0
672: 327 0 0
673: 326 0 0
674: 325 0 0
675: 324 0 0
676: 323 0 0
677: 322 0 0
678: 321 0 0
679: 320 0 0
680: 319 0 0
681: 318 0 0
682: 317 0 0
683: 316 0 0
684: 315 0 0
685: 314 0 0
686: 313 0 0
687: 312 0 0
688: 311 0 0
689: 310 0 0
690: 309 0 0
691: 308 0 0
692: 307 0 0
693: 306 0 0
694: 305 0 0
695: 304 0 0
696: 303 0 0
697: 302 0 0
698: 301 0 0
699: 300 0 0
700: 299 0 0
701: 298 0 0
702: 297 0 0
703: 296 0 0
704: 295 0 0
705: 294 0 0
706: 293 0 0
707: 292 0 0
708: 291 0 0
709: 290 0 0
710: 289 0 0
711: 288 0 0
712: 287 0 0
713: 286 0 0
714: 285 0 0
715: 284 0 0
716: 283 0 0
717: 282 0 0
718: 281 0 0
719: 280 0 0
720: 279 0 0
721: 278 0 0
722: 277 0 0
723: 276 0 0
724: 275 0 0
725: 274 0 0
726: 273 0 0
727: 272 0 0
728: 271 0 0
729: 270 0 0
730: 269 0 0
731: 268 0 0
732: 267 0 0
733: 266 0 0
734: 265 0 0
735: 264 0 0
736: 263 0 0
737: 262 0 0
738: 261 0 0
739: 260 0 0
740: 259 0 0
741: 258 0 0
742: 257 0 0
743: 256 0 0
744: 255 0 0
745: 254 0 0
746: 253 0 0
747: 252 0 0
748: 251 0 0
749: 250 0 0
750: 249 0 0
751: 248 0 0
752: 247 0 0
753: 246 0 0
754: 245 0 0
755: 244 0 0
756: 243 0 0
757: 242 0 0
758: 241 0 0
759: 240 0 0
760: 239 0 0
761: 238 0 0
762: 237 0 0
763: 236 0 0
764: 235 0 0
765: 234 0 0
766: 233 0 0
767: 232 0 0
768: 231 0 0
769: 230 0 0
770: 229 0 0
771: 228 0 0
772: 227 0 0
773: 226 0 0
774: 225 0 0
775: 224 0 0
776: 223 0 0
777: 222 0 0
778: 221 0 0
779: 220 0 0
780: 219 0 0
781: 218 0 0
782: 217 0 0
783: 216 0 0
784: 215 0 0
785: 214 0 0
786: 213 0 0
787: 212 0 0
788: 211 0 0
789: 210 0 0
790: 209 0 0
791: 208 0 0
792: 207 0 0
793: 206 0 0
794: 205 0 0
795: 204 0 0
796: 203 0 0
797: 202 0 0
798: 201 0 0
799: 200 0 0
800: 199 0 0
801: 198 0 0
802: 197 0 0
803: 196 0 0
804: 195 0 0
805: 194 0 0
806: 193 0 0
807: 192 0 0
808: 191 0 0
809: 190 0 0
810: 189 0 0
811: 188 0 0
812: 187 0 0
813: 186 0 0
814: 185 0 0
815: 184 0 0
816: 183 0 0
817: 182 0 0
818: 181 0 0
819: 180 0 0
820: 179 0 0
821: 178 0 0
822: 177 0 0
823: 176 0 0
824: 175 0 0
825: 174 0 0
826: 173 0 0
827: 172 0 0
828: 171 0 0
829: 170 0 0
830: 169 0 0
831: 168 0 0
832: 167 0 0
833: 166 0 0
834: 165 0 0
835: 164 0 0
836: 163 0 0
837: 162 0 0
838: 161 0 0
839: 160 0 0
840: 159 0 0
841: 158 0 0
842: 157 0 0
843: 156 0 0
844: 155 0 0
845: 154 0 0
846: 153 0 0
847: 152 0 0
848: 151 0 0
849: 150 0 0
850: 149 0 0
851: 148 0 0
852: 147 0 0
853: 146 0 0
854: 145 0 0
855: 144 0 0
856: 143 0 0
857: 142 0 0
858: 141 0 0
859: 140 0 0
860: 139 0 0
861: 138 0 0
862: 137 0 0
863: 136 0 0
864: 135 0 0
865: 134 0 0
866: 133 0 0
867: 132 0 0
868: 131 0 0
869: 130 0 0
870: 129 0 0
871: 128 0 0
872: 127 0 0
873: 126 0 0
874: 125 0 0
875: 124 0 0
876: 123 0 0
877: 122 0 0
878: 121 0 0
879: 120 0 0
880: 119 0 0
881: 118 0 0
882: 117 0 0
883: 116 0 0
884: 115 0 0
885: 114 0 0
886: 113 0 0
887: 112 0 0
888: 111 0 0
889: 110 0 0
890: 109 0 0
891: 108 0 0
892: 107 0 0
893: 106 0 0
894: 105 0 0
895: 104 0 0
896: 103 0 0
897: 102 0 0
898: 101 0 0
899: 100 0 0
900: 99 0 0
901: 98 0 0
902: 97 0 0
903: 96 0 0
904: 95 0 0
905: 94 0 0
906: 93 0 0
907: 92 0 0
908: 91 0 0
909: 90 0 0
910: 89 0 0
911: 88 0 0
912: 87 0 0
913: 86 0 0
914: 85 0 0
915: 84 0 0
916: 83 0 0
917: 82 0 0
918: 81 0 0
919: 80 0 0
920: 79 0 0
921: 78 0 0
922: 77 0 0
923: 76 0 0
924: 75 0 0
925: 74 0 0
926: 73 0 0
927: 72 0 0
928: 71 0 0
929: 70 0 0
930: 69 0 0
931: 68 0 0
932: 67 0 0
933: 66 0 0
934: 65 0 0
935: 64 0 0
936: 63 0 0
937: 62 0 0
938: 61 0 0
939: 60 0 0
940: 59 0 0
941: 58 0 0
942: 57 0 0
943: 56 0 0
944: 55 0 0
945: 54 0 0
946: 53 0 0
947: 52 0 0
948: 51 0 0
949: 50 0 0
950: 49 0 0
951: 48 0 0
952: 47 0 0
953: 46 0 0
954: 45 0 0
955: 44 0 0
956: 43 0 0
957: 42 0 0
958: 41 0 0
959: 40 0 0
960: 39 0 0
961: 38 0 0
962: 37 0 0
963: 36 0 0
964: 35 0 0
965: 34 0 0
966: 33 0 0
967: 32 0 0
968: 31 0 0
969: 30 0 0
970: 29 0 0
971: 28 0 0
972: 27 0 0
973: 26 0 0
974: 25 0 0
975: 24 0 0
976: 23 0 0
977: 22 0 0
978: 21 0 0
979: 20 0 0
980: 19 0 0
981: 18 0 0
982: 17 0 0
983: 16 0 0
984: 15 0 0
985: 14 0 0
986: 13 0 0
987: 12 0 0
988: 11 0 0
989: 10 0 0
990: 9 0 0
991: 8 0 0
992: 7 0 0
993: 6 0 0
994: 5 0 0
995: 4 0 0
996: 3 0 0
997: 2 0 0
998: 1 0 0
999: 0 0 0
Execution time: 8.752000 ms
