Algorithm: K-Means Clustering
K: 3
Point assignments:
0 0
1 1
2 2
3 0
4 1
5 2
6 0
7 1
8 2
9 0
10 1
11 2
12 0
13 1
14 2
15 0
16 1
17 2
18 0
19 1
20 2
21 0
22 1
23 2
24 0
25 1
26 2
27 0
28 1
29 2
30 0
31 1
32 2
33 0
34 1
35 2
36 0
37 1
38 2
39 0
40 1
41 2
42 0
43 1
44 2
45 0
46 1
47 2
48 0
49 1
50 2
51 0
52 1
53 2
54 0
55 1
56 2
57 0
58 1
59 2
60 0
61 1
62 2
63 0
64 1
65 2
66 0
67 1
68 2
69 0
70 1
71 0
72 1
73 2
74 0
75 1
76 2
77 0
78 1
79 2
80 0
81 1
82 2
83 0
84 1
85 2
86 0
87 1
88 2
89 0
90 1
91 2
92 0
93 1
94 2
95 0
96 1
97 2
98 0
99 0
Final centroids:
0: 0.094286 1.094286
1: 10.100000 11.100000
2: 20.096875 21.096875
WCSS: 1.337089
Iterations: 2
Converged: true
Execution time: 0.000000 ms
