Algorithm: Betweenness Centrality
Vertex Centrality
0 29719.84
1 24865.00
2 425.79
3 0.00
4 1954.26
5 2918.09
6 17116.19
7 12857.37
8 38514.41
9 23623.97
10 26286.74
11 0.00
12 0.00
13 5522.16
14 67811.57
15 43677.76
16 8767.34
17 19538.24
18 23334.63
19 1288.49
20 16816.66
21 5028.90
22 20625.09
23 379.95
24 61868.87
25 23928.52
26 5646.96
27 25329.01
28 49442.09
29 32704.86
30 45210.63
31 15762.32
32 608.43
33 28792.73
34 41207.35
35 137221.64
36 21974.85
37 26458.65
38 11077.50
39 30492.64
40 5082.47
41 16031.30
42 0.00
43 36208.71
44 1063.81
45 588.26
46 77673.17
47 103804.86
48 28270.56
49 17644.38
50 54685.69
51 0.00
52 44950.08
53 14614.53
54 7859.74
55 28433.89
56 0.00
57 0.00
58 36216.85
59 25706.81
60 12812.15
61 739.70
62 26302.15
63 25702.48
64 11069.19
65 7728.34
66 0.00
67 32849.46
68 31711.28
69 7506.01
70 7112.04
71 27581.05
72 22712.96
73 39648.73
74 0.00
75 50214.54
76 0.00
77 17471.76
78 8051.01
79 38109.61
80 4810.46
81 0.00
82 0.00
83 44206.55
84 50187.34
85 91449.01
86 4010.34
87 154976.93
88 4817.92
89 11339.74
90 0.00
91 23046.19
92 48092.02
93 30409.66
94 38708.41
95 6415.61
96 33917.30
97 32872.85
98 2492.19
99 23882.85
100 42911.32
101 30721.86
102 0.00
103 17766.12
104 0.00
105 0.00
106 22603.12
107 98247.03
108 9605.09
109 0.00
110 8391.47
111 12388.30
112 12901.91
113 20300.92
114 34727.21
115 23645.49
116 0.00
117 52204.60
118 2349.31
119 30081.70
120 5063.62
121 35653.54
122 0.00
123 44410.84
124 31321.84
125 13607.32
126 11800.90
127 26093.04
128 13994.02
129 8939.56
130 27338.53
131 51030.89
132 699.79
133 8631.18
134 9473.65
135 23103.52
136 47306.35
137 1270.94
138 13040.97
139 6095.21
140 5289.04
141 1160.83
142 24277.53
143 0.00
144 16673.70
145 17647.77
146 70172.60
147 4564.43
148 4158.57
149 49658.17
150 4573.82
151 37933.00
152 0.00
153 38158.13
154 40674.46
155 94760.00
156 12740.54
157 34316.54
158 40234.10
159 4576.32
160 31451.37
161 0.00
162 13865.12
163 16409.53
164 55353.33
165 33142.14
166 67108.52
167 22842.82
168 0.00
169 14270.00
170 17900.22
171 0.00
172 25230.57
173 1729.53
174 4762.31
175 0.00
176 20012.89
177 21525.45
178 11874.46
179 9464.80
180 0.00
181 46368.68
182 0.00
183 38758.70
184 38568.46
185 904.35
186 27995.53
187 24372.01
188 16154.00
189 0.00
190 35128.35
191 21207.62
192 0.00
193 24460.61
194 20203.12
195 0.00
196 0.00
197 24682.56
198 3893.63
199 14949.48
200 5617.20
201 12877.32
202 7628.91
203 25588.29
204 29005.48
205 0.00
206 0.00
207 1058.15
208 22668.31
209 3850.38
210 4326.64
211 20692.44
212 0.00
213 38183.67
214 0.00
215 17445.92
216 68233.84
217 66708.31
218 0.00
219 13399.05
220 56451.02
221 0.00
222 25099.13
223 6354.10
224 29217.10
225 535.33
226 0.00
227 23231.17
228 21339.21
229 25854.29
230 28266.40
231 33206.63
232 19870.73
233 8242.05
234 57410.63
235 164.71
236 1919.42
237 0.00
238 38520.60
239 0.00
240 24772.76
241 22356.36
242 0.00
243 32015.45
244 27045.38
245 5388.71
246 0.00
247 3885.98
248 99230.79
249 19167.04
250 38279.48
251 14634.86
252 3302.25
253 6339.38
254 3577.77
255 0.00
256 29739.80
257 5976.34
258 17761.79
259 20535.44
260 12736.61
261 24269.37
262 24233.99
263 22400.80
264 24263.50
265 29506.33
266 0.00
267 10947.41
268 17800.94
269 31884.40
270 7540.03
271 11676.28
272 47795.72
273 25014.90
274 0.00
275 15673.63
276 12200.36
277 39510.52
278 24557.23
279 5121.48
280 20186.39
281 16575.07
282 19314.30
283 25261.91
284 6375.76
285 52437.30
286 63034.87
287 18686.17
288 14871.48
289 5786.51
290 48640.74
291 105449.97
292 4046.14
293 16123.14
294 5995.08
295 46872.55
296 507.07
297 6521.05
298 2815.99
299 13909.78
300 7886.82
301 15400.40
302 11889.66
303 1538.24
304 987.60
305 14205.04
306 11531.77
307 24507.61
308 42166.04
309 21908.11
310 15255.66
311 0.00
312 30178.71
313 36984.06
314 25439.31
315 0.00
316 2693.54
317 2258.58
318 5915.42
319 0.00
320 1091.69
321 33011.96
322 28225.52
323 41677.98
324 0.00
325 15871.64
326 30355.70
327 42343.87
328 55254.33
329 26098.96
330 609.58
331 1572.86
332 0.00
333 65280.84
334 2107.70
335 0.00
336 10471.22
337 8798.63
338 14810.98
339 0.00
340 1101.85
341 23455.62
342 3764.45
343 52501.89
344 4349.15
345 3326.33
346 1459.40
347 24718.43
348 10182.05
349 19489.14
350 20212.73
351 19274.29
352 26978.76
353 0.00
354 10133.65
355 14570.81
356 0.00
357 57563.47
358 37838.05
359 17304.09
360 0.00
361 6269.95
362 34361.27
363 2966.13
364 20392.96
365 19123.45
366 40558.77
367 15290.04
368 24582.45
369 23362.49
370 24037.24
371 0.00
372 2648.20
373 0.00
374 44926.70
375 0.00
376 6048.15
377 60478.17
378 7808.38
379 42058.59
380 15719.32
381 20928.73
382 869.62
383 26470.06
384 0.00
385 20272.87
386 19622.95
387 2596.36
388 189.11
389 52033.72
390 9408.97
391 7323.87
392 26067.33
393 28530.16
394 79893.80
395 35263.82
396 1146.91
397 7067.05
398 23244.67
399 55300.75
400 45722.01
401 12847.87
402 148092.15
403 23076.32
404 14603.92
405 18080.67
406 796.96
407 22037.39
408 14139.64
409 0.00
410 21695.72
411 66496.86
412 2722.25
413 28919.15
414 4174.12
415 18312.58
416 25459.17
417 37029.12
418 18869.37
419 0.00
420 1367.62
421 0.00
422 12374.14
423 0.00
424 49644.57
425 112.08
426 5364.77
427 14484.04
428 11687.04
429 43475.57
430 16541.73
431 809.91
432 0.00
433 2007.18
434 0.00
435 13961.92
436 34086.91
437 55297.35
438 0.00
439 14522.01
440 809.49
441 0.00
442 16488.55
443 7660.72
444 17556.22
445 6863.22
446 12847.16
447 18535.85
448 5413.25
449 6873.53
450 16487.76
451 23789.48
452 32712.11
453 13277.76
454 49947.61
455 11333.18
456 54054.38
457 11539.88
458 9341.65
459 9861.17
460 0.00
461 37192.10
462 55278.09
463 53961.57
464 8611.30
465 14267.92
466 67041.57
467 24084.90
468 12986.85
469 74263.10
470 9275.88
471 0.00
472 0.00
473 752.97
474 34165.65
475 0.00
476 24803.29
477 22262.74
478 21861.02
479 28525.09
480 17704.78
481 85250.11
482 20568.22
483 20617.81
484 0.00
485 31477.92
486 0.00
487 42039.45
488 1050.11
489 1612.93
490 3536.29
491 8932.69
492 19001.13
493 16084.28
494 34834.18
495 47722.56
496 7234.25
497 21505.30
498 8486.33
499 35563.41
500 11196.14
501 11043.50
502 33649.16
503 34634.20
504 47659.13
505 5344.83
506 24651.38
507 42244.08
508 7756.78
509 22122.54
510 90.91
511 12005.95
512 13503.27
513 88934.45
514 1270.17
515 79071.66
516 23958.92
517 13783.65
518 14351.64
519 4381.91
520 22918.24
521 8792.91
522 45064.74
523 12497.86
524 22298.65
525 18386.08
526 56365.09
527 8554.29
528 5556.97
529 35785.21
530 18162.13
531 41245.23
532 33002.38
533 7182.50
534 3544.25
535 0.00
536 11487.57
537 15864.60
538 18346.30
539 18569.68
540 17005.26
541 10677.14
542 26443.98
543 85009.09
544 16426.39
545 7554.14
546 13491.23
547 45224.49
548 1711.98
549 0.00
550 40394.00
551 7117.25
552 53428.29
553 18336.92
554 11259.32
555 13064.26
556 11476.06
557 20148.19
558 38742.78
559 0.00
560 10505.02
561 13929.34
562 26721.03
563 0.00
564 24832.71
565 77234.94
566 48369.41
567 99831.63
568 23060.18
569 0.00
570 67214.34
571 34074.69
572 28428.54
573 15078.54
574 33975.90
575 15109.61
576 1230.91
577 50534.00
578 29443.42
579 58084.03
580 38580.48
581 0.00
582 6694.16
583 0.00
584 61457.75
585 20580.55
586 13025.16
587 255.22
588 13372.94
589 588.78
590 2938.49
591 37350.17
592 13686.17
593 22173.33
594 1981.00
595 33543.23
596 7005.52
597 16077.70
598 16033.14
599 0.00
600 13505.39
601 52892.73
602 20343.69
603 9891.79
604 0.00
605 44543.45
606 4124.23
607 11624.74
608 27016.13
609 17978.38
610 47096.43
611 16191.24
612 17571.07
613 36266.52
614 38448.27
615 11283.80
616 32016.47
617 7168.51
618 1237.46
619 61448.56
620 39930.74
621 41930.07
622 12180.45
623 60400.23
624 0.00
625 112328.90
626 0.00
627 0.00
628 0.00
629 3962.06
630 31905.86
631 10052.61
632 7954.67
633 38522.54
634 20683.88
635 0.00
636 15155.67
637 6120.99
638 4374.59
639 0.00
640 45433.85
641 27943.53
642 31069.49
643 0.00
644 23576.07
645 3908.01
646 45054.02
647 14755.61
648 2330.47
649 0.00
650 66884.19
651 0.00
652 21814.61
653 0.00
654 25509.08
655 7219.40
656 5394.70
657 10089.13
658 20248.55
659 37643.90
660 68918.62
661 23111.91
662 12824.44
663 921.12
664 10142.48
665 21896.81
666 0.00
667 24272.55
668 13575.26
669 92168.22
670 0.00
671 24349.45
672 14382.83
673 12528.42
674 32770.09
675 24450.08
676 97725.03
677 20433.94
678 742.68
679 10470.99
680 8259.77
681 24370.95
682 10167.50
683 24321.73
684 6214.34
685 836.77
686 45807.19
687 28255.12
688 15281.42
689 25374.56
690 1720.99
691 723.79
692 8612.89
693 4746.06
694 0.00
695 11383.87
696 13208.87
697 22157.85
698 23539.72
699 20509.80
700 49482.59
701 0.00
702 14901.14
703 0.00
704 799.34
705 0.00
706 1444.69
707 7620.29
708 14882.97
709 33389.82
710 7918.68
711 7227.10
712 110795.92
713 26394.55
714 4245.72
715 55295.97
716 19531.45
717 18533.68
718 2020.53
719 0.00
720 0.00
721 0.00
722 7857.39
723 12478.34
724 0.00
725 44621.55
726 67819.78
727 25109.07
728 14619.66
729 27364.29
730 24217.95
731 8157.73
732 0.00
733 9259.98
734 51038.29
735 0.00
736 8284.62
737 39946.39
738 81510.14
739 0.00
740 34787.99
741 27503.98
742 3966.86
743 29366.39
744 307.32
745 6770.90
746 78157.12
747 0.00
748 5918.52
749 16736.98
750 21234.49
751 38435.96
752 6612.22
753 37086.18
754 6474.43
755 0.00
756 10325.63
757 27640.92
758 0.00
759 47627.40
760 15037.37
761 41076.71
762 31592.20
763 25082.48
764 60626.94
765 2966.03
766 63890.85
767 20621.35
768 13436.12
769 13898.88
770 1584.54
771 12195.25
772 1047.42
773 10333.64
774 40744.06
775 19758.01
776 16145.01
777 22337.74
778 15595.91
779 0.00
780 10722.68
781 1014.77
782 0.00
783 14523.80
784 62356.89
785 37489.34
786 10848.62
787 42151.74
788 27032.38
789 22940.12
790 5850.03
791 34923.36
792 13391.43
793 28743.58
794 4092.52
795 1271.90
796 67273.38
797 29139.56
798 8476.87
799 0.00
800 7711.03
801 37426.90
802 0.00
803 14401.16
804 10111.24
805 22177.34
806 0.00
807 9396.33
808 29858.81
809 0.00
810 36488.16
811 37876.33
812 45921.06
813 0.00
814 6899.25
815 0.00
816 32045.56
817 2075.53
818 23737.94
819 11757.47
820 5151.80
821 28498.59
822 0.00
823 6189.51
824 7051.24
825 2344.51
826 2260.15
827 31506.82
828 0.00
829 31141.54
830 90173.23
831 0.00
832 6437.62
833 46002.77
834 758.50
835 55530.13
836 41569.91
837 5619.19
838 18894.19
839 40440.91
840 18388.10
841 0.00
842 0.00
843 11614.75
844 23975.14
845 33194.20
846 19990.80
847 32563.19
848 0.00
849 0.00
850 37075.96
851 69217.83
852 0.00
853 48248.97
854 25261.56
855 604.39
856 31585.70
857 7545.77
858 45362.16
859 28057.54
860 12466.91
861 40300.17
862 5384.11
863 9810.20
864 31006.54
865 34405.43
866 29653.53
867 0.00
868 25038.31
869 29382.46
870 46821.76
871 14484.13
872 13043.54
873 9594.49
874 24127.58
875 0.00
876 5554.80
877 10424.54
878 0.00
879 14297.99
880 2626.72
881 15540.07
882 24683.60
883 0.00
884 0.00
885 8819.61
886 16186.28
887 0.00
888 10089.28
889 102646.09
890 1353.06
891 34676.83
892 12144.81
893 17531.97
894 29635.76
895 12813.19
896 11369.84
897 4195.31
898 0.00
899 0.00
900 50024.54
901 75085.25
902 0.00
903 5799.96
904 20986.64
905 13818.33
906 2356.40
907 11301.87
908 24072.20
909 16400.99
910 20968.97
911 25085.52
912 19438.83
913 1981.00
914 20364.52
915 15110.77
916 0.00
917 19725.57
918 28005.04
919 54573.83
920 26424.34
921 20260.64
922 30508.08
923 25765.07
924 15260.13
925 2860.15
926 56485.45
927 56915.66
928 62187.13
929 37683.02
930 7649.56
931 11367.62
932 8651.20
933 31582.53
934 11352.02
935 23369.00
936 17059.94
937 0.00
938 12448.93
939 584.49
940 6610.42
941 30721.94
942 4669.79
943 9385.94
944 13240.21
945 0.00
946 8904.34
947 0.00
948 25142.64
949 23678.34
950 38314.15
951 40501.84
952 9181.53
953 19244.30
954 13711.02
955 20508.91
956 2849.87
957 5526.26
958 2590.72
959 41112.31
960 44146.12
961 16767.84
962 16512.78
963 10749.13
964 28999.58
965 16557.08
966 67499.22
967 17168.19
968 12409.49
969 14295.42
970 6308.04
971 39025.01
972 37281.48
973 12089.55
974 618.98
975 21909.16
976 20395.56
977 23591.24
978 0.00
979 12884.49
980 0.00
981 9867.76
982 92236.48
983 55748.08
984 59866.99
985 0.00
986 3661.71
987 0.00
988 7282.43
989 10482.91
990 10255.72
991 53327.84
992 11426.97
993 6920.32
994 36150.60
995 3611.70
996 0.00
997 43058.86
998 27830.48
999 29050.92
1000 14234.08
1001 13364.63
1002 2328.41
1003 53947.40
1004 19903.05
1005 2253.40
1006 4350.61
1007 42474.77
1008 0.00
1009 30514.65
1010 48571.01
1011 29837.71
1012 0.00
1013 22849.90
1014 1316.15
1015 4776.91
1016 8892.44
1017 3420.73
1018 5040.14
1019 37314.85
1020 37491.34
1021 10587.86
1022 31373.11
1023 0.00
1024 29595.17
1025 0.00
1026 4837.14
1027 43388.25
1028 11211.11
1029 9578.40
1030 14974.75
1031 0.00
1032 1767.72
1033 17959.00
1034 8110.79
1035 98905.87
1036 27497.76
1037 9950.52
1038 12192.88
1039 25152.41
1040 28466.09
1041 12692.06
1042 34264.52
1043 1397.73
1044 0.00
1045 7102.06
1046 0.00
1047 35768.98
1048 5578.33
1049 17486.05
1050 59958.81
1051 0.00
1052 22534.92
1053 48823.84
1054 23149.75
1055 13047.19
1056 11776.95
1057 60328.20
1058 50361.57
1059 7982.93
1060 29349.37
1061 81941.16
1062 13646.51
1063 37162.10
1064 0.00
1065 4537.67
1066 19087.74
1067 12679.37
1068 30907.79
1069 2185.11
1070 28956.52
1071 0.00
1072 0.00
1073 933.66
1074 11879.63
1075 2347.68
1076 49849.83
1077 34661.08
1078 16855.65
1079 0.00
1080 25948.86
1081 0.00
1082 16961.50
1083 0.00
1084 62163.31
1085 30532.01
1086 31371.49
1087 7900.08
1088 72846.63
1089 51315.73
1090 15822.05
1091 53978.16
1092 14392.08
1093 124680.61
1094 51001.11
1095 58929.27
1096 45966.34
1097 10001.86
1098 9258.33
1099 28346.62
1100 33807.36
1101 42316.62
1102 5738.72
1103 31951.74
1104 60351.42
1105 0.00
1106 17955.56
1107 56364.12
1108 9417.27
1109 18266.83
1110 30297.36
1111 3419.70
1112 2948.36
1113 0.00
1114 28118.24
1115 18044.66
1116 54914.75
1117 8812.96
1118 7496.16
1119 12707.41
1120 12815.54
1121 20062.95
1122 4104.54
1123 29070.72
1124 0.00
1125 8360.61
1126 26987.59
1127 0.00
1128 13568.45
1129 71856.18
1130 41641.05
1131 23950.57
1132 26716.60
1133 1002.66
1134 21586.70
1135 14275.29
1136 19037.62
1137 1778.35
1138 970.37
1139 73038.14
1140 12273.24
1141 52906.58
1142 6620.18
1143 2993.94
1144 24311.49
1145 11350.25
1146 1024.76
1147 61225.84
1148 18519.27
1149 4369.37
1150 6220.41
1151 334.38
1152 32457.25
1153 0.00
1154 0.00
1155 2065.35
1156 19666.89
1157 45098.04
1158 12954.05
1159 0.00
1160 26997.07
1161 68055.00
1162 1988.33
1163 62478.25
1164 260.01
1165 48794.64
1166 15412.06
1167 19499.87
1168 4563.81
1169 3936.17
1170 1194.63
1171 5346.12
1172 3923.54
1173 23153.38
1174 41215.53
1175 35460.37
1176 71379.86
1177 31599.54
1178 45175.58
1179 59444.92
1180 43937.33
1181 34865.71
1182 32508.03
1183 12046.69
1184 3508.29
1185 15427.62
1186 729.28
1187 18163.38
1188 11353.29
1189 30107.25
1190 14550.85
1191 51822.72
1192 39520.80
1193 70992.33
1194 1383.85
1195 12606.73
1196 2138.18
1197 262.44
1198 25664.25
1199 15003.39
1200 11921.12
1201 906.24
1202 21810.41
1203 10651.94
1204 66423.95
1205 34183.69
1206 0.00
1207 4155.63
1208 0.00
1209 23724.79
1210 0.00
1211 28645.47
1212 0.00
1213 0.00
1214 41807.38
1215 35782.95
1216 0.00
1217 38875.96
1218 27071.35
1219 25636.68
1220 59406.92
1221 0.00
1222 43077.34
1223 54521.49
1224 11884.49
1225 25538.39
1226 32872.95
1227 11564.84
1228 2167.14
1229 4715.73
1230 663.86
1231 12858.07
1232 28719.79
1233 56357.53
1234 16305.49
1235 15033.71
1236 8339.65
1237 1351.66
1238 1508.14
1239 38690.59
1240 41938.92
1241 7380.71
1242 3918.87
1243 0.00
1244 122012.92
1245 0.00
1246 25674.65
1247 13117.33
1248 45809.37
1249 0.00
1250 15628.99
1251 48429.27
1252 0.00
1253 34507.72
1254 0.00
1255 2827.46
1256 8838.02
1257 7584.03
1258 0.00
1259 4257.44
1260 0.00
1261 9235.97
1262 29624.16
1263 29391.53
1264 2053.01
1265 11219.87
1266 69645.54
1267 10616.21
1268 24763.43
1269 5803.96
1270 0.00
1271 49616.61
1272 7181.64
1273 5083.69
1274 4917.55
1275 32483.73
1276 35658.88
1277 11149.16
1278 11517.28
1279 12334.53
1280 0.00
1281 53168.34
1282 1219.99
1283 5287.61
1284 56756.19
1285 24534.49
1286 7603.00
1287 40458.80
1288 43525.23
1289 961.33
1290 0.00
1291 18057.03
1292 49149.72
1293 0.00
1294 24253.76
1295 46405.88
1296 3213.93
1297 36830.21
1298 19635.58
1299 38523.73
1300 5930.22
1301 22245.29
1302 2935.00
1303 11960.84
1304 17623.95
1305 46122.30
1306 0.00
1307 6277.22
1308 7614.31
1309 24680.26
1310 0.00
1311 0.00
1312 33844.15
1313 23340.42
1314 1957.77
1315 1245.08
1316 36066.10
1317 0.00
1318 28511.68
1319 8667.62
1320 0.00
1321 18996.58
1322 8004.98
1323 14565.76
1324 21284.06
1325 0.00
1326 38227.80
1327 0.00
1328 846.66
1329 10130.02
1330 0.00
1331 0.00
1332 0.00
1333 29470.87
1334 0.00
1335 15475.35
1336 43306.94
1337 26860.89
1338 15940.98
1339 7930.25
1340 2700.41
1341 0.00
1342 19339.13
1343 0.00
1344 25421.25
1345 36715.83
1346 4167.03
1347 19224.71
1348 53262.82
1349 37569.70
1350 0.00
1351 5345.96
1352 16480.48
1353 10781.58
1354 24980.96
1355 3962.00
1356 0.00
1357 0.00
1358 218.52
1359 18368.56
1360 25360.28
1361 29499.44
1362 26376.92
1363 28622.15
1364 0.00
1365 49111.57
1366 15556.86
1367 0.00
1368 0.00
1369 0.00
1370 0.00
1371 0.00
1372 5607.06
1373 0.00
1374 0.00
1375 0.00
1376 2845.75
1377 39165.67
1378 0.00
1379 4594.55
1380 13246.24
1381 40898.88
1382 8621.00
1383 20245.25
1384 20514.86
1385 53539.28
1386 52313.09
1387 48556.36
1388 0.00
1389 30511.38
1390 21731.74
1391 7090.82
1392 34162.62
1393 20109.81
1394 0.00
1395 13600.51
1396 0.00
1397 39822.23
1398 20155.83
1399 30555.14
1400 627.20
1401 27905.77
1402 51470.46
1403 5699.08
1404 0.00
1405 10872.25
1406 78596.28
1407 22626.90
1408 0.00
1409 0.00
1410 15764.15
1411 6912.25
1412 15231.64
1413 12133.20
1414 49831.29
1415 39736.04
1416 511.31
1417 41839.13
1418 20363.54
1419 4330.91
1420 50229.25
1421 15794.12
1422 51146.56
1423 8761.05
1424 1626.35
1425 67427.18
1426 48456.77
1427 32150.75
1428 9380.50
1429 3341.66
1430 34907.58
1431 0.00
1432 10204.79
1433 30468.82
1434 523.16
1435 0.00
1436 886.84
1437 2046.68
1438 45643.97
1439 12843.39
1440 53557.47
1441 37653.12
1442 75978.86
1443 29641.88
1444 27902.60
1445 6193.99
1446 9636.85
1447 52932.31
1448 33931.61
1449 9198.65
1450 29094.26
1451 35712.60
1452 24266.51
1453 2137.81
1454 1846.61
1455 10054.86
1456 60673.46
1457 0.00
1458 17620.72
1459 4906.31
1460 44281.21
1461 27968.41
1462 0.00
1463 6812.07
1464 24517.59
1465 85030.15
1466 37535.48
1467 56209.31
1468 0.00
1469 2562.74
1470 41666.23
1471 22333.97
1472 39693.50
1473 58577.12
1474 0.00
1475 7841.45
1476 21689.53
1477 36543.54
1478 0.00
1479 23684.48
1480 47309.54
1481 37516.43
1482 2900.33
1483 59651.70
1484 15676.23
1485 285.95
1486 5373.53
1487 19598.60
1488 21060.39
1489 38820.74
1490 16769.41
1491 15745.68
1492 659.50
1493 18376.96
1494 58946.22
1495 0.00
1496 0.00
1497 20134.42
1498 1327.59
1499 1873.70
1500 0.00
1501 66409.77
1502 16923.12
1503 8272.35
1504 39146.71
1505 0.00
1506 10914.23
1507 0.00
1508 1149.33
1509 14724.94
1510 34763.46
1511 17689.35
1512 92204.35
1513 0.00
1514 24526.87
1515 31000.03
1516 6945.41
1517 11761.29
1518 9998.19
1519 29690.67
1520 2314.47
1521 12987.86
1522 18571.15
1523 1136.40
1524 0.00
1525 6780.04
1526 44668.66
1527 87633.89
1528 14843.40
1529 20150.04
1530 11684.77
1531 7411.59
1532 1415.78
1533 1404.73
1534 39493.85
1535 40721.69
1536 7091.11
1537 29940.33
1538 13569.00
1539 8914.73
1540 0.00
1541 11161.92
1542 50677.33
1543 4113.83
1544 67170.77
1545 53164.23
1546 26138.82
1547 35054.68
1548 18157.20
1549 0.00
1550 0.00
1551 84897.41
1552 9329.79
1553 16431.86
1554 97771.23
1555 16420.83
1556 18014.47
1557 9757.74
1558 28131.51
1559 11382.28
1560 33412.48
1561 28432.29
1562 62898.29
1563 7915.44
1564 37269.10
1565 10296.93
1566 9885.99
1567 24706.51
1568 436.17
1569 47684.48
1570 0.00
1571 16966.73
1572 24285.91
1573 16877.47
1574 0.00
1575 20129.43
1576 57485.60
1577 0.00
1578 8453.11
1579 55837.79
1580 17719.76
1581 0.00
1582 21502.45
1583 729.53
1584 1908.65
1585 14815.26
1586 0.00
1587 9529.56
1588 0.00
1589 2242.94
1590 33624.85
1591 0.00
1592 2244.01
1593 1187.51
1594 33294.92
1595 18652.92
1596 55279.83
1597 8940.97
1598 11002.45
1599 73751.57
1600 16334.96
1601 53596.95
1602 55767.95
1603 4596.59
1604 766.02
1605 11095.69
1606 9950.10
1607 5115.59
1608 12542.00
1609 6024.93
1610 6714.57
1611 4016.90
1612 36501.47
1613 24097.63
1614 10183.08
1615 15212.76
1616 0.00
1617 9033.25
1618 18554.34
1619 4349.65
1620 9070.32
1621 1421.70
1622 10215.45
1623 0.00
1624 11789.28
1625 24061.31
1626 40901.17
1627 24841.84
1628 3195.09
1629 54369.04
1630 76501.94
1631 17760.82
1632 46931.56
1633 669.35
1634 0.00
1635 43478.63
1636 464.92
1637 55772.84
1638 23856.88
1639 10530.55
1640 0.00
1641 3328.04
1642 14541.87
1643 11627.40
1644 0.00
1645 14227.21
1646 7307.36
1647 56972.03
1648 70023.58
1649 18150.56
1650 0.00
1651 13855.72
1652 39109.12
1653 29634.94
1654 0.00
1655 37528.41
1656 22259.44
1657 75971.21
1658 16497.97
1659 2456.10
1660 28083.38
1661 7837.37
1662 0.00
1663 19347.44
1664 19299.40
1665 6471.67
1666 0.00
1667 968.32
1668 7229.48
1669 664.85
1670 19681.19
1671 3297.62
1672 1981.00
1673 33974.30
1674 11006.16
1675 7684.57
1676 7181.13
1677 42530.63
1678 10254.33
1679 6755.95
1680 31635.56
1681 6876.83
1682 22158.81
1683 1946.74
1684 43297.56
1685 9040.50
1686 29771.86
1687 15891.90
1688 22060.89
1689 9050.02
1690 0.00
1691 37255.25
1692 9295.63
1693 4749.33
1694 7834.07
1695 0.00
1696 0.00
1697 30442.57
1698 39810.46
1699 28487.41
1700 28764.84
1701 0.00
1702 2349.84
1703 6514.08
1704 34060.05
1705 15657.32
1706 663.66
1707 48901.99
1708 3563.71
1709 39315.37
1710 20612.27
1711 0.00
1712 0.00
1713 11939.00
1714 8984.40
1715 1839.46
1716 31178.82
1717 143.21
1718 2917.04
1719 37347.14
1720 12018.37
1721 47811.63
1722 39962.77
1723 3256.15
1724 20724.56
1725 9868.96
1726 0.00
1727 1132.21
1728 43574.81
1729 1981.00
1730 0.00
1731 0.00
1732 11079.81
1733 7572.73
1734 26008.48
1735 0.00
1736 30938.65
1737 0.00
1738 74169.56
1739 8337.48
1740 14559.54
1741 985.53
1742 22597.60
1743 10117.82
1744 0.00
1745 0.00
1746 69900.67
1747 36368.36
1748 35622.90
1749 11045.84
1750 10088.09
1751 3983.48
1752 9591.25
1753 31537.28
1754 11925.30
1755 11661.30
1756 49978.19
1757 28181.88
1758 48283.44
1759 52288.58
1760 962.14
1761 24177.41
1762 911.09
1763 17672.23
1764 2947.66
1765 70678.20
1766 18919.13
1767 0.00
1768 10437.69
1769 5736.95
1770 11206.25
1771 13962.78
1772 0.00
1773 664.49
1774 29815.55
1775 40909.70
1776 57175.82
1777 0.00
1778 42524.61
1779 0.00
1780 17154.56
1781 33089.14
1782 0.00
1783 0.00
1784 14770.02
1785 12185.67
1786 21965.87
1787 10618.03
1788 10501.63
1789 6919.72
1790 13981.22
1791 33203.98
1792 32608.52
1793 79989.50
1794 8233.61
1795 8018.93
1796 21351.21
1797 1681.29
1798 100442.42
1799 0.00
1800 41722.05
1801 13843.53
1802 0.00
1803 7696.28
1804 111780.70
1805 0.00
1806 6087.09
1807 13130.16
1808 9283.54
1809 10378.78
1810 23833.25
1811 10388.02
1812 6970.17
1813 12531.07
1814 0.00
1815 3987.19
1816 12589.08
1817 43699.17
1818 37445.10
1819 23410.51
1820 8920.71
1821 30515.45
1822 7843.42
1823 27949.79
1824 40212.70
1825 22334.12
1826 22183.90
1827 167.87
1828 12807.46
1829 17643.04
1830 48262.61
1831 0.00
1832 9828.46
1833 6001.05
1834 23632.33
1835 6032.46
1836 5710.52
1837 9778.98
1838 56539.37
1839 16949.08
1840 82407.23
1841 13197.95
1842 85805.31
1843 0.00
1844 7827.10
1845 13580.66
1846 4297.02
1847 25890.41
1848 0.00
1849 54715.19
1850 21162.00
1851 0.00
1852 3501.30
1853 39312.31
1854 34626.52
1855 25254.54
1856 28571.30
1857 30223.33
1858 0.00
1859 5547.90
1860 13001.03
1861 0.00
1862 0.00
1863 18687.03
1864 0.00
1865 36082.19
1866 14014.97
1867 46424.73
1868 22061.04
1869 0.00
1870 27389.02
1871 0.00
1872 13185.38
1873 38359.34
1874 83020.50
1875 0.00
1876 0.00
1877 416.77
1878 20520.51
1879 40800.59
1880 56626.77
1881 15252.40
1882 94281.86
1883 30772.72
1884 0.00
1885 21121.64
1886 33068.79
1887 15272.20
1888 9669.09
1889 14362.32
1890 0.00
1891 0.00
1892 22802.54
1893 31376.88
1894 5401.33
1895 17993.94
1896 8860.78
1897 19245.14
1898 0.00
1899 75538.78
1900 17167.04
1901 13580.11
1902 20783.99
1903 8483.60
1904 390.57
1905 3955.95
1906 4629.61
1907 7207.20
1908 23027.83
1909 0.00
1910 65692.99
1911 12669.31
1912 0.00
1913 12059.71
1914 7705.96
1915 0.00
1916 15724.48
1917 7666.72
1918 8027.06
1919 27631.85
1920 0.00
1921 29178.88
1922 20261.62
1923 0.00
1924 18839.62
1925 18163.61
1926 33049.92
1927 11306.24
1928 4758.85
1929 6389.80
1930 24898.00
1931 9890.38
1932 515.56
1933 2073.50
1934 21329.31
1935 48099.22
1936 3099.96
1937 8221.95
1938 323.44
1939 11167.10
1940 4204.52
1941 44986.66
1942 49418.36
1943 6845.24
1944 50790.91
1945 57263.74
1946 5617.80
1947 81174.10
1948 3860.83
1949 25015.70
1950 10062.23
1951 8978.71
1952 15822.89
1953 3253.25
1954 35192.79
1955 28702.50
1956 84189.38
1957 0.00
1958 18525.40
1959 20027.00
1960 0.00
1961 122138.82
1962 10122.91
1963 35471.27
1964 1130.90
1965 60275.07
1966 8838.17
1967 23518.92
1968 81676.53
1969 25117.68
1970 3013.05
1971 68384.08
1972 0.00
1973 20461.15
1974 13778.99
1975 4495.63
1976 93537.60
1977 11203.27
1978 35097.48
1979 1982.00
1980 21853.50
1981 4820.93
1982 5864.96
1983 14180.43
1984 34107.40
1985 6801.33
1986 19752.31
1987 22278.30
1988 7072.28
1989 0.00
1990 10915.49
1991 44296.31
1992 17715.87
1993 0.00
1994 3404.50
1995 8222.97
1996 68424.12
1997 64691.89
1998 26641.71
1999 0.00
2000 8320.10
2001 44854.22
2002 8501.97
2003 25831.52
2004 41592.23
2005 11459.43
2006 11760.68
2007 32065.48
2008 6368.34
2009 0.00
2010 36806.28
2011 17526.71
2012 8281.29
2013 3949.64
2014 39087.02
2015 10120.48
2016 43945.92
2017 42807.91
2018 47518.25
2019 4766.97
2020 9877.67
2021 33200.91
2022 19629.90
2023 1635.69
2024 29425.41
2025 51986.96
2026 76.08
2027 2640.11
2028 11008.73
2029 1962.27
2030 0.00
2031 0.00
2032 11335.54
2033 8995.76
2034 0.00
2035 0.00
2036 40866.62
2037 1508.42
2038 7047.06
2039 8960.95
2040 3485.37
2041 3116.17
2042 3326.12
2043 53439.35
2044 23918.96
2045 0.00
2046 0.00
2047 119671.33
2048 14003.93
2049 46211.01
2050 0.00
2051 15545.39
2052 7269.56
2053 22167.76
2054 2845.92
2055 138120.39
2056 3474.66
2057 10642.11
2058 19282.37
2059 0.00
2060 29272.17
2061 2695.31
2062 0.00
2063 6627.16
2064 22744.68
2065 349.51
2066 10714.90
2067 7022.17
2068 33540.91
2069 0.00
2070 0.00
2071 59108.10
2072 15148.15
2073 32746.12
2074 4868.60
2075 8722.13
2076 0.00
2077 24589.90
2078 13564.79
2079 16999.39
2080 23470.69
2081 9295.77
2082 22845.59
2083 46066.50
2084 15957.18
2085 36500.22
2086 17785.44
2087 20145.47
2088 37163.72
2089 6709.02
2090 7177.87
2091 6415.77
2092 50356.20
2093 32748.34
2094 40318.05
2095 28921.20
2096 0.00
2097 9963.31
2098 3970.50
2099 330.19
2100 4553.62
2101 6856.16
2102 0.00
2103 16897.11
2104 10493.47
2105 18154.01
2106 15287.76
2107 46055.61
2108 0.00
2109 54172.84
2110 13266.04
2111 0.00
2112 58761.58
2113 26365.30
2114 31491.44
2115 0.00
2116 16036.53
2117 1981.00
2118 23759.29
2119 0.00
2120 0.00
2121 4213.99
2122 0.00
2123 34943.55
2124 83815.27
2125 15575.90
2126 19350.03
2127 14840.06
2128 43413.67
2129 2416.54
2130 20873.34
2131 28753.37
2132 14965.05
2133 14554.19
2134 6087.57
2135 46054.29
2136 17205.94
2137 2719.75
2138 4899.52
2139 20561.84
2140 55903.70
2141 3521.30
2142 42664.07
2143 0.00
2144 31647.39
2145 75718.53
2146 23598.99
2147 60417.68
2148 31539.06
2149 50269.40
2150 9372.79
2151 35927.37
2152 0.00
2153 1981.00
2154 13653.04
2155 5723.56
2156 10175.10
2157 0.00
2158 10848.82
2159 4575.24
2160 7299.47
2161 0.00
2162 0.00
2163 8500.66
2164 13661.96
2165 0.00
2166 1981.00
2167 47500.68
2168 12261.52
2169 8846.13
2170 30315.86
2171 3239.66
2172 1281.45
2173 20356.34
2174 7134.73
2175 22764.19
2176 5523.43
2177 84017.49
2178 12767.35
2179 16083.56
2180 27941.65
2181 26850.76
2182 12412.11
2183 0.00
2184 5051.44
2185 9468.67
2186 14614.38
2187 31159.85
2188 0.00
2189 9662.06
2190 33645.50
2191 11919.04
2192 10736.16
2193 21881.80
2194 16873.88
2195 21097.35
2196 19210.86
2197 1981.00
2198 15317.75
2199 25973.05
2200 47800.39
2201 21070.13
2202 0.00
2203 13579.85
2204 30630.25
2205 0.00
2206 0.00
2207 51119.05
2208 35553.48
2209 24568.19
2210 3334.00
2211 0.00
2212 33590.09
2213 30652.36
2214 0.00
2215 56902.19
2216 2531.91
2217 13770.70
2218 30481.03
2219 6007.90
2220 44449.59
2221 3716.19
2222 39978.87
2223 0.00
2224 27666.87
2225 14953.06
2226 30716.66
2227 9167.57
2228 0.00
2229 0.00
2230 51703.10
2231 24987.02
2232 0.00
2233 43029.77
2234 35586.14
2235 53668.38
2236 1981.00
2237 67464.42
2238 18680.46
2239 0.00
2240 21285.54
2241 506.27
2242 32429.37
2243 16179.29
2244 4621.12
2245 44891.14
2246 22439.26
2247 12788.73
2248 4231.42
2249 10508.44
2250 32263.73
2251 0.00
2252 67665.20
2253 54993.39
2254 40148.59
2255 23065.99
2256 26020.17
2257 0.00
2258 14424.45
2259 24716.94
2260 36027.27
2261 0.00
2262 4234.02
2263 18909.93
2264 534.58
2265 4790.71
2266 597.62
2267 0.00
2268 8390.20
2269 0.00
2270 0.00
2271 62328.52
2272 37833.85
2273 5425.31
2274 1526.13
2275 7984.73
2276 5899.32
2277 0.00
2278 18245.65
2279 41759.49
2280 21379.90
2281 52837.94
2282 19812.06
2283 2933.86
2284 27284.01
2285 12177.17
2286 30377.81
2287 602.88
2288 35407.87
2289 23290.38
2290 22559.40
2291 8921.53
2292 14173.85
2293 17221.72
2294 10144.21
2295 24582.93
2296 33033.63
2297 48438.27
2298 0.00
2299 0.00
2300 15400.72
2301 0.00
2302 122.59
2303 13532.00
2304 0.00
2305 19369.93
2306 13058.15
2307 34494.90
2308 13581.10
2309 36762.48
2310 6102.37
2311 3079.03
2312 10262.58
2313 0.00
2314 89085.85
2315 5568.60
2316 66138.38
2317 47798.70
2318 5350.20
2319 11766.39
2320 23025.15
2321 23089.93
2322 19027.55
2323 9567.66
2324 14097.77
2325 27572.43
2326 11351.04
2327 25372.33
2328 14059.14
2329 4938.31
2330 22793.19
2331 0.00
2332 66101.23
2333 17708.56
2334 9559.50
2335 24659.26
2336 13087.26
2337 53821.15
2338 14781.04
2339 29970.42
2340 5897.42
2341 12791.97
2342 15341.74
2343 19770.75
2344 18786.31
2345 54777.87
2346 36274.64
2347 24791.55
2348 22520.64
2349 50054.80
2350 23049.47
2351 21934.73
2352 0.00
2353 52479.30
2354 8503.49
2355 24164.49
2356 4400.47
2357 0.00
2358 64024.85
2359 54142.66
2360 19924.64
2361 14643.48
2362 27373.98
2363 25189.82
2364 3185.52
2365 3448.78
2366 13061.11
2367 14736.66
2368 57440.48
2369 14987.21
2370 86045.63
2371 0.00
2372 16101.18
2373 1363.03
2374 135890.49
2375 35061.67
2376 13627.42
2377 41539.45
2378 57806.37
2379 1981.00
2380 15286.90
2381 18369.50
2382 58311.17
2383 24204.17
2384 62755.45
2385 2235.72
2386 5451.99
2387 37964.34
2388 72634.96
2389 20114.96
2390 14332.16
2391 0.00
2392 682.58
2393 24199.43
2394 13730.65
2395 4368.36
2396 48197.52
2397 38275.63
2398 3123.88
2399 22851.47
2400 39492.31
2401 53794.90
2402 0.00
2403 501.65
2404 16958.73
2405 44169.73
2406 12635.40
2407 5331.51
2408 78723.20
2409 11431.47
2410 29448.98
2411 0.00
2412 16812.65
2413 8181.90
2414 23973.61
2415 26826.28
2416 47915.06
2417 35501.16
2418 0.00
2419 32364.95
2420 0.00
2421 7311.63
2422 43714.03
2423 8532.13
2424 27111.50
2425 14528.83
2426 3964.00
2427 26096.82
2428 18006.40
2429 20333.07
2430 20979.75
2431 26351.84
2432 4969.90
2433 1754.17
2434 14821.82
2435 51185.09
2436 0.00
2437 1287.91
2438 27184.11
2439 4133.67
2440 77412.33
2441 0.00
2442 42765.83
2443 11047.62
2444 619.95
2445 47251.02
2446 0.00
2447 21196.98
2448 13238.51
2449 84263.27
2450 1567.65
2451 33478.55
2452 9593.17
2453 36246.70
2454 17148.47
2455 40740.84
2456 456.38
2457 0.00
2458 10775.08
2459 0.00
2460 0.00
2461 31437.14
2462 9857.36
2463 9022.07
2464 0.00
2465 926.65
2466 25080.45
2467 2153.55
2468 24011.37
2469 12715.28
2470 18403.06
2471 63232.95
2472 0.00
2473 14102.33
2474 106291.96
2475 0.00
2476 849.18
2477 16038.08
2478 19680.39
2479 2204.75
2480 9061.70
2481 9929.36
2482 23119.75
2483 18195.28
2484 0.00
2485 24256.49
2486 78977.55
2487 62941.56
2488 0.00
2489 31671.88
2490 31256.28
2491 19734.35
2492 0.00
2493 928.16
2494 12254.90
2495 6913.53
2496 5583.60
2497 11231.92
2498 2000.61
2499 18111.51
2500 35436.59
2501 30564.15
2502 39606.83
2503 4343.64
2504 76078.20
2505 32419.72
2506 5991.88
2507 21435.93
2508 27147.87
2509 22364.90
2510 31929.63
2511 12091.09
2512 0.00
2513 16785.46
2514 67113.48
2515 50039.64
2516 13288.02
2517 37846.02
2518 16815.34
2519 0.00
2520 3843.24
2521 18501.09
2522 0.00
2523 49400.13
2524 25889.95
2525 23403.18
2526 5557.70
2527 769.55
2528 67151.69
2529 33387.78
2530 12714.25
2531 11353.89
2532 4709.76
2533 9541.07
2534 82002.22
2535 65247.80
2536 13736.83
2537 19764.74
2538 1657.62
2539 5824.64
2540 5936.23
2541 36465.22
2542 39138.11
2543 13858.23
2544 30352.14
2545 27340.19
2546 18276.34
2547 1566.75
2548 47449.26
2549 34641.09
2550 243.79
2551 20647.92
2552 2222.82
2553 3996.43
2554 0.00
2555 2649.85
2556 19196.38
2557 0.00
2558 0.00
2559 2807.88
2560 39162.48
2561 6803.95
2562 36831.68
2563 35446.92
2564 2901.46
2565 0.00
2566 69471.74
2567 20525.05
2568 77088.63
2569 8632.13
2570 8625.80
2571 8584.21
2572 57473.41
2573 23197.11
2574 10343.57
2575 30587.34
2576 45278.44
2577 21110.22
2578 50411.67
2579 30291.61
2580 11860.09
2581 25184.30
2582 858.47
2583 19254.02
2584 21712.43
2585 7353.41
2586 50471.00
2587 17259.50
2588 12368.71
2589 15950.17
2590 35075.98
2591 5498.38
2592 61745.90
2593 22643.48
2594 2526.92
2595 16176.46
2596 0.00
2597 23649.31
2598 0.00
2599 0.00
2600 0.00
2601 23876.64
2602 44268.80
2603 33965.61
2604 0.00
2605 14319.28
2606 73126.45
2607 10530.23
2608 1510.01
2609 33377.27
2610 16942.68
2611 0.00
2612 0.00
2613 3939.19
2614 42320.69
2615 1983.00
2616 77101.12
2617 30792.95
2618 46189.70
2619 47063.60
2620 8599.97
2621 19600.40
2622 23610.85
2623 18590.52
2624 21529.52
2625 14637.69
2626 5819.84
2627 45254.91
2628 4597.88
2629 32008.08
2630 9839.68
2631 20067.69
2632 1792.92
2633 15977.45
2634 30550.62
2635 54806.74
2636 0.00
2637 27483.67
2638 0.00
2639 15880.28
2640 2689.66
2641 8329.90
2642 25822.89
2643 18717.24
2644 15220.25
2645 10205.46
2646 37253.52
2647 3089.25
2648 0.00
2649 27894.62
2650 59236.90
2651 0.00
2652 26637.50
2653 0.00
2654 26134.10
2655 12723.06
2656 91225.34
2657 0.00
2658 3049.37
2659 515.77
2660 16045.78
2661 11527.73
2662 3009.72
2663 37448.34
2664 7485.98
2665 17541.96
2666 14520.62
2667 32657.20
2668 2426.68
2669 6968.44
2670 0.00
2671 0.00
2672 112257.54
2673 39805.92
2674 0.00
2675 9787.11
2676 29513.62
2677 3561.59
2678 15869.83
2679 43780.11
2680 55934.37
2681 634.70
2682 3212.63
2683 2570.25
2684 77608.18
2685 47996.79
2686 10794.36
2687 3593.44
2688 19643.55
2689 100705.96
2690 31840.43
2691 32854.63
2692 0.00
2693 4050.12
2694 33218.55
2695 23700.63
2696 12193.82
2697 23402.39
2698 0.00
2699 14317.96
2700 28921.95
2701 40336.59
2702 11402.60
2703 2514.32
2704 37182.08
2705 3919.57
2706 0.00
2707 48729.41
2708 1154.51
2709 0.00
2710 0.00
2711 14727.36
2712 11594.66
2713 27959.65
2714 40389.42
2715 3420.46
2716 35360.32
2717 22954.93
2718 0.00
2719 9737.30
2720 6338.84
2721 0.00
2722 3616.36
2723 10936.39
2724 618.47
2725 22080.78
2726 54364.76
2727 13156.90
2728 16777.93
2729 8233.49
2730 22897.81
2731 2098.50
2732 5595.37
2733 2815.04
2734 0.00
2735 75835.67
2736 1407.93
2737 7332.05
2738 62771.69
2739 19248.48
2740 33974.62
2741 5565.79
2742 45382.37
2743 9338.36
2744 859.69
2745 1302.46
2746 32411.89
2747 23498.16
2748 6041.16
2749 27463.79
2750 13233.25
2751 16729.24
2752 17241.62
2753 28884.10
2754 15050.86
2755 23452.33
2756 7755.66
2757 28488.66
2758 0.00
2759 19644.14
2760 30949.55
2761 16147.49
2762 13201.71
2763 8880.99
2764 25561.14
2765 21087.22
2766 14734.83
2767 1981.50
2768 8512.10
2769 138751.26
2770 0.00
2771 9157.11
2772 35854.19
2773 13261.14
2774 13701.83
2775 8427.21
2776 1898.73
2777 4606.06
2778 25280.54
2779 23055.98
2780 23044.27
2781 2855.46
2782 29720.04
2783 0.00
2784 20789.11
2785 21028.50
2786 9086.50
2787 27373.92
2788 31863.12
2789 4946.78
2790 56516.23
2791 4324.46
2792 60567.45
2793 23589.31
2794 8661.12
2795 89678.42
2796 28803.92
2797 1066.72
2798 0.00
2799 87672.36
2800 23283.17
2801 8614.51
2802 111117.03
2803 5858.27
2804 21374.37
2805 7165.37
2806 12443.07
2807 34660.93
2808 5788.69
2809 30183.30
2810 0.00
2811 11976.20
2812 0.00
2813 8281.83
2814 5707.17
2815 0.00
2816 0.00
2817 1807.28
2818 1967.93
2819 5563.15
2820 42202.26
2821 6087.30
2822 34819.90
2823 10758.66
2824 14053.16
2825 20948.15
2826 3899.84
2827 658.31
2828 8879.28
2829 15288.44
2830 2791.67
2831 13011.51
2832 8723.56
2833 0.00
2834 21828.31
2835 6290.72
2836 28062.26
2837 10967.98
2838 7226.07
2839 3383.08
2840 10886.46
2841 69353.78
2842 40234.18
2843 9161.32
2844 20897.42
2845 13592.43
2846 9373.00
2847 5922.12
2848 27085.20
2849 11746.48
2850 17440.89
2851 0.00
2852 0.00
2853 8461.53
2854 22667.31
2855 59587.62
2856 21182.06
2857 23996.84
2858 37306.00
2859 49703.11
2860 7623.48
2861 2654.85
2862 34320.76
2863 9419.70
2864 45590.12
2865 19644.37
2866 19652.76
2867 24469.57
2868 73256.68
2869 0.00
2870 36153.06
2871 60666.17
2872 7388.30
2873 4160.91
2874 23659.71
2875 0.00
2876 20266.93
2877 65903.73
2878 62436.51
2879 33859.78
2880 12827.81
2881 13963.72
2882 52471.23
2883 729.90
2884 27208.71
2885 36203.22
2886 40094.27
2887 1044.60
2888 33761.59
2889 0.00
2890 0.00
2891 31173.45
2892 29287.32
2893 28964.34
2894 9747.30
2895 25069.19
2896 3774.13
2897 8790.15
2898 25036.90
2899 9467.83
2900 74968.08
2901 47079.69
2902 39144.62
2903 5972.18
2904 0.00
2905 29189.61
2906 13390.60
2907 45684.16
2908 6844.03
2909 8738.80
2910 70256.37
2911 2418.16
2912 7964.60
2913 7366.45
2914 0.00
2915 0.00
2916 2843.54
2917 3267.56
2918 43686.49
2919 10965.68
2920 27425.31
2921 11705.30
2922 30620.95
2923 37114.88
2924 36578.56
2925 0.00
2926 3850.19
2927 22417.92
2928 62529.11
2929 874.84
2930 8766.87
2931 0.00
2932 22934.31
2933 9133.51
2934 0.00
2935 0.00
2936 0.00
2937 21489.80
2938 51585.12
2939 3471.14
2940 29740.66
2941 41903.66
2942 2789.76
2943 17971.72
2944 0.00
2945 9606.73
2946 2300.20
2947 802.03
2948 0.00
2949 18886.39
2950 17167.55
2951 25079.55
2952 27657.19
2953 884.60
2954 33358.64
2955 14923.64
2956 18956.11
2957 22017.53
2958 47429.34
2959 10928.27
2960 84279.49
2961 10745.67
2962 56606.80
2963 5279.69
2964 37448.96
2965 1014.56
2966 26793.30
2967 38835.30
2968 76371.85
2969 1072.47
2970 35931.21
2971 25152.16
2972 1283.93
2973 0.00
2974 35515.58
2975 30947.87
2976 0.00
2977 29764.69
2978 12321.64
2979 37621.34
2980 0.00
2981 11439.35
2982 5083.56
2983 13396.02
2984 38287.42
2985 32565.82
2986 6090.53
2987 18321.78
2988 9845.74
2989 0.00
2990 5937.68
2991 0.00
2992 31445.83
2993 3885.12
2994 59646.69
2995 7762.83
2996 2635.21
2997 69433.05
2998 7010.83
2999 13196.15
3000 18446.45
3001 16648.55
3002 35804.34
3003 564.02
3004 38485.72
3005 68709.98
3006 60426.11
3007 33203.28
3008 0.00
3009 15946.62
3010 9470.04
3011 69173.37
3012 29225.77
3013 19435.38
3014 26173.80
3015 25868.82
3016 7100.00
3017 42241.87
3018 27186.40
3019 39306.26
3020 2875.56
3021 21188.47
3022 0.00
3023 32769.87
3024 24604.34
3025 5537.39
3026 0.00
3027 72735.98
3028 8395.30
3029 0.00
3030 41499.19
3031 1117.67
3032 26119.26
3033 25686.29
3034 0.00
3035 57057.74
3036 19458.53
3037 66677.34
3038 5108.08
3039 19963.12
3040 1299.24
3041 0.00
3042 108781.53
3043 26821.15
3044 108444.29
3045 14962.49
3046 3377.44
3047 15606.94
3048 61404.27
3049 29244.38
3050 16846.74
3051 63495.64
3052 89711.62
3053 25210.88
3054 20942.89
3055 45803.91
3056 0.00
3057 51460.99
3058 0.00
3059 15045.50
3060 87432.18
3061 8961.85
3062 0.00
3063 2574.28
3064 0.00
3065 25687.00
3066 108316.90
3067 0.00
3068 52998.67
3069 55602.10
3070 109955.26
3071 25881.58
3072 33662.16
3073 907.88
3074 27099.39
3075 13081.30
3076 13851.11
3077 19403.09
3078 6490.83
3079 12562.30
3080 0.00
3081 24971.16
3082 19063.44
3083 29342.59
3084 0.00
3085 88885.19
3086 13766.25
3087 21931.92
3088 28803.50
3089 47547.37
3090 33849.59
3091 9400.61
3092 615.26
3093 4249.43
3094 1867.26
3095 56396.70
3096 433.05
3097 32656.32
3098 1152.81
3099 20188.74
3100 18465.03
3101 0.00
3102 30942.75
3103 36038.32
3104 50941.87
3105 23461.16
3106 11676.85
3107 43184.37
3108 0.00
3109 6884.79
3110 58450.41
3111 90613.95
3112 29369.12
3113 24895.95
3114 0.00
3115 293.23
3116 0.00
3117 19805.13
3118 32963.19
3119 11402.12
3120 7289.90
3121 11854.54
3122 10388.60
3123 0.00
3124 12350.71
3125 13970.78
3126 26729.87
3127 33530.26
3128 16990.84
3129 2983.21
3130 4739.40
3131 7109.91
3132 2054.26
3133 18559.18
3134 46409.66
3135 16245.89
3136 10776.88
3137 0.00
3138 39083.91
3139 48211.11
3140 0.00
3141 61169.39
3142 0.00
3143 45245.77
3144 17220.99
3145 31749.95
3146 16697.30
3147 548.79
3148 14231.40
3149 41347.81
3150 38654.30
3151 21392.48
3152 41809.32
3153 0.00
3154 24203.20
3155 2471.36
3156 0.00
3157 17358.48
3158 9968.91
3159 39984.20
3160 19088.03
3161 49360.84
3162 33045.32
3163 16355.03
3164 1981.00
3165 41331.89
3166 13122.70
3167 35021.81
3168 2652.72
3169 10167.27
3170 53265.84
3171 6303.68
3172 312.49
3173 0.00
3174 52794.57
3175 0.00
3176 42923.25
3177 2656.69
3178 53647.10
3179 31328.98
3180 9837.28
3181 6687.39
3182 36284.74
3183 15841.76
3184 32617.97
3185 87297.47
3186 22038.50
3187 31510.95
3188 125051.10
3189 0.00
3190 773.35
3191 0.00
3192 14176.41
3193 27784.34
3194 0.00
3195 22711.27
3196 0.00
3197 22107.02
3198 925.69
3199 10150.14
3200 850.35
3201 26208.78
3202 0.00
3203 18748.18
3204 18942.97
3205 5538.65
3206 0.00
3207 1350.26
3208 57168.59
3209 12019.93
3210 8982.75
3211 7988.16
3212 25808.27
3213 31545.02
3214 11660.53
3215 13264.79
3216 25060.97
3217 33746.55
3218 2033.06
3219 40988.04
3220 17137.37
3221 134726.86
3222 1321.80
3223 26962.98
3224 11566.74
3225 4450.96
3226 13719.51
3227 17303.51
3228 42384.09
3229 1982.50
3230 5640.58
3231 27273.70
3232 558.77
3233 26176.73
3234 0.00
3235 0.00
3236 4196.35
3237 5362.11
3238 40087.71
3239 6773.60
3240 68162.81
3241 23856.54
3242 16081.96
3243 1353.77
3244 61353.88
3245 0.00
3246 0.00
3247 38403.87
3248 42688.43
3249 158860.60
3250 28452.97
3251 0.00
3252 0.00
3253 9866.81
3254 17294.98
3255 0.00
3256 13120.48
3257 11670.69
3258 115977.14
3259 23097.45
3260 43937.36
3261 42946.16
3262 21420.80
3263 0.00
3264 8279.61
3265 23668.75
3266 30789.57
3267 8402.55
3268 23388.57
3269 29331.73
3270 0.00
3271 10971.05
3272 8357.97
3273 79809.39
3274 9156.91
3275 0.00
3276 9431.10
3277 7994.07
3278 10633.26
3279 57572.14
3280 0.00
3281 4732.99
3282 13630.36
3283 2954.97
3284 14886.97
3285 5542.41
3286 644.72
3287 6775.54
3288 2032.18
3289 7428.07
3290 16952.15
3291 0.00
3292 53481.39
3293 27064.76
3294 28461.06
3295 17006.76
3296 6146.81
3297 30230.01
3298 56700.14
3299 2021.30
3300 10667.89
3301 25563.45
3302 39305.03
3303 23583.25
3304 0.00
3305 43613.09
3306 29904.21
3307 26397.38
3308 1096.76
3309 9681.45
3310 28279.54
3311 25410.72
3312 12468.86
3313 8420.56
3314 29482.27
3315 6369.06
3316 7651.02
3317 20185.11
3318 2628.47
3319 47891.61
3320 12667.52
3321 11452.22
3322 66036.07
3323 38955.21
3324 8441.95
3325 0.00
3326 1754.34
3327 78873.16
3328 0.00
3329 5851.37
3330 13195.47
3331 5519.62
3332 33096.26
3333 27820.37
3334 33048.32
3335 26879.13
3336 39468.60
3337 53035.57
3338 10127.39
3339 10538.40
3340 10372.92
3341 67537.65
3342 19124.55
3343 0.00
3344 37723.13
3345 5463.62
3346 0.00
3347 7130.56
3348 33587.28
3349 17948.80
3350 35571.19
3351 5418.68
3352 10284.18
3353 63728.72
3354 11891.32
3355 0.00
3356 17573.40
3357 9658.00
3358 16485.06
3359 90941.75
3360 8025.68
3361 9878.39
3362 14629.15
3363 12058.88
3364 8092.44
3365 932.69
3366 74699.31
3367 34399.31
3368 2540.67
3369 60009.97
3370 6367.08
3371 5335.11
3372 7628.69
3373 17545.27
3374 21908.02
3375 5781.16
3376 0.00
3377 15946.23
3378 5515.24
3379 28552.56
3380 7002.76
3381 15031.29
3382 931.63
3383 38612.99
3384 15711.58
3385 30767.58
3386 11091.92
3387 34925.49
3388 43929.83
3389 29730.31
3390 0.00
3391 22117.26
3392 16952.88
3393 19680.83
3394 17667.47
3395 0.00
3396 34506.14
3397 0.00
3398 0.00
3399 0.00
3400 65650.89
3401 10609.17
3402 15578.97
3403 0.00
3404 40875.03
3405 17429.97
3406 11568.84
3407 67204.64
3408 0.00
3409 17798.12
3410 13055.50
3411 16965.44
3412 43378.44
3413 3990.14
3414 36088.76
3415 23789.80
3416 21994.14
3417 17574.22
3418 37554.84
3419 18280.79
3420 68708.09
3421 55896.84
3422 0.00
3423 1132.63
3424 33295.81
3425 79117.05
3426 0.00
3427 4901.95
3428 6686.30
3429 17504.78
3430 56168.65
3431 16389.06
3432 72151.17
3433 0.00
3434 5598.38
3435 28221.41
3436 43500.67
3437 20038.39
3438 19111.70
3439 14489.29
3440 0.00
3441 0.00
3442 18673.54
3443 25312.52
3444 0.00
3445 17734.59
3446 13867.09
3447 77506.50
3448 53249.26
3449 24104.17
3450 2797.15
3451 33546.92
3452 0.00
3453 17678.24
3454 57584.83
3455 14180.32
3456 2354.65
3457 13832.64
3458 8085.45
3459 0.00
3460 33317.17
3461 49931.60
3462 10153.44
3463 1981.00
3464 11852.18
3465 20804.35
3466 26756.32
3467 0.00
3468 5901.39
3469 64526.96
3470 0.00
3471 33121.87
3472 7982.51
3473 0.00
3474 11054.35
3475 35766.34
3476 7352.98
3477 14450.75
3478 52999.88
3479 4462.22
3480 69411.46
3481 56919.77
3482 16467.92
3483 15202.57
3484 33561.58
3485 13167.71
3486 42532.76
3487 17026.27
3488 60932.20
3489 27592.63
3490 13122.20
3491 34294.69
3492 12945.66
3493 32821.06
3494 8933.23
3495 91873.01
3496 1191.71
3497 9125.63
3498 12926.95
3499 3622.80
3500 11443.99
3501 4786.46
3502 13363.04
3503 19642.55
3504 31750.23
3505 37231.69
3506 53932.74
3507 0.00
3508 14930.77
3509 0.00
3510 0.00
3511 7519.56
3512 23296.50
3513 12248.14
3514 56095.44
3515 0.00
3516 3753.51
3517 12855.27
3518 0.00
3519 1479.50
3520 19990.59
3521 11545.99
3522 111525.12
3523 54448.05
3524 0.00
3525 4036.09
3526 29804.26
3527 22219.90
3528 18689.21
3529 10224.55
3530 21409.68
3531 14833.49
3532 30625.63
3533 4893.07
3534 0.00
3535 6712.99
3536 0.00
3537 7780.57
3538 25047.03
3539 48406.06
3540 12538.94
3541 10499.57
3542 22066.24
3543 19161.91
3544 4971.30
3545 35825.49
3546 791.45
3547 0.00
3548 27422.65
3549 20263.40
3550 8501.51
3551 2875.62
3552 16279.35
3553 12273.03
3554 42344.36
3555 32958.09
3556 42403.97
3557 40304.42
3558 58874.43
3559 0.00
3560 1250.91
3561 16076.53
3562 13035.46
3563 14040.76
3564 0.00
3565 46359.47
3566 0.00
3567 16438.11
3568 14519.87
3569 14712.05
3570 0.00
3571 9176.34
3572 14503.35
3573 27326.32
3574 2571.23
3575 11965.36
3576 12481.21
3577 0.00
3578 22639.61
3579 19419.76
3580 49606.02
3581 1916.20
3582 13868.04
3583 11636.50
3584 69552.07
3585 2874.25
3586 15769.98
3587 15300.17
3588 3439.81
3589 16417.76
3590 22325.58
3591 0.00
3592 31603.68
3593 0.00
3594 19639.88
3595 18486.55
3596 58811.85
3597 8065.21
3598 6598.51
3599 8448.00
3600 50819.53
3601 51194.98
3602 42773.80
3603 29814.75
3604 0.00
3605 27134.01
3606 30157.22
3607 26459.76
3608 2680.97
3609 20464.14
3610 10777.98
3611 69520.26
3612 0.00
3613 41748.63
3614 0.00
3615 1631.39
3616 22915.51
3617 32638.64
3618 54051.51
3619 4310.28
3620 0.00
3621 13734.46
3622 12362.21
3623 0.00
3624 1126.89
3625 0.00
3626 48467.51
3627 0.00
3628 101441.24
3629 1117.00
3630 18861.90
3631 27688.43
3632 1294.02
3633 0.00
3634 14643.02
3635 18780.40
3636 14876.81
3637 0.00
3638 65462.31
3639 16070.55
3640 0.00
3641 0.00
3642 17193.92
3643 13776.49
3644 17096.63
3645 32127.42
3646 22590.86
3647 16865.53
3648 43195.69
3649 17771.43
3650 0.00
3651 9990.62
3652 0.00
3653 0.00
3654 1282.50
3655 82360.27
3656 75060.93
3657 3200.59
3658 47438.52
3659 6140.07
3660 9021.46
3661 53580.01
3662 0.00
3663 0.00
3664 1333.49
3665 0.00
3666 943.48
3667 0.00
3668 57434.61
3669 13551.02
3670 18561.88
3671 75966.80
3672 0.00
3673 46383.51
3674 16735.27
3675 666.96
3676 8571.93
3677 26709.84
3678 4576.32
3679 32476.07
3680 20127.23
3681 15001.38
3682 296.01
3683 41237.93
3684 7982.45
3685 2430.69
3686 54161.39
3687 3675.28
3688 21753.19
3689 62424.37
3690 3851.66
3691 7166.08
3692 36662.09
3693 0.00
3694 17852.83
3695 56815.07
3696 847.73
3697 33459.99
3698 4825.83
3699 13284.05
3700 15155.66
3701 0.00
3702 77686.59
3703 0.00
3704 18546.44
3705 6891.58
3706 18949.29
3707 7345.96
3708 62701.85
3709 9906.02
3710 3905.73
3711 33752.37
3712 21931.80
3713 8346.27
3714 23295.89
3715 9235.10
3716 0.00
3717 17290.41
3718 22164.96
3719 30220.35
3720 0.00
3721 11735.62
3722 23540.40
3723 18842.99
3724 14722.37
3725 9932.31
3726 21286.02
3727 22789.61
3728 31836.77
3729 20482.06
3730 0.00
3731 49035.24
3732 60937.01
3733 54547.77
3734 18165.35
3735 15442.22
3736 35184.23
3737 24955.98
3738 9658.03
3739 11726.42
3740 0.00
3741 34070.52
3742 74483.64
3743 63294.69
3744 55772.29
3745 50588.50
3746 0.00
3747 42043.53
3748 23869.18
3749 21711.79
3750 43099.47
3751 0.00
3752 0.00
3753 0.00
3754 35877.43
3755 22417.78
3756 0.00
3757 5494.85
3758 10362.86
3759 47105.90
3760 1467.23
3761 54721.57
3762 5271.57
3763 0.00
3764 65685.43
3765 51172.54
3766 1477.75
3767 30068.44
3768 26340.90
3769 4220.64
3770 28781.20
3771 33390.70
3772 46223.78
3773 12570.90
3774 0.00
3775 60783.37
3776 14203.55
3777 39939.95
3778 10597.57
3779 2960.44
3780 0.00
3781 40061.01
3782 38518.24
3783 8339.42
3784 0.00
3785 1998.37
3786 17406.07
3787 2621.86
3788 34203.65
3789 42098.33
3790 8077.36
3791 730.88
3792 26503.43
3793 10063.94
3794 26384.15
3795 1426.92
3796 76763.77
3797 17833.50
3798 1069.18
3799 7190.31
3800 25259.61
3801 3052.60
3802 6485.54
3803 16367.10
3804 7700.13
3805 22582.70
3806 7264.55
3807 77450.87
3808 46681.10
3809 19781.92
3810 36417.28
3811 62742.45
3812 40059.37
3813 38602.99
3814 0.00
3815 1983.00
3816 9364.32
3817 9065.48
3818 16675.82
3819 10398.62
3820 3632.33
3821 12790.26
3822 5800.29
3823 36970.34
3824 6473.91
3825 16274.23
3826 15110.93
3827 36574.65
3828 24293.20
3829 39636.55
3830 0.00
3831 26437.19
3832 5704.63
3833 39817.10
3834 34682.71
3835 27610.78
3836 20116.34
3837 23867.63
3838 14994.22
3839 2608.20
3840 30283.91
3841 23491.95
3842 29118.95
3843 38933.78
3844 0.00
3845 52780.18
3846 57698.12
3847 0.00
3848 818.66
3849 976.56
3850 18932.84
3851 20504.04
3852 7089.14
3853 34556.05
3854 42976.55
3855 566.22
3856 19164.39
3857 1365.09
3858 2767.65
3859 9808.86
3860 12957.11
3861 19532.90
3862 20605.77
3863 18671.87
3864 11191.86
3865 16634.95
3866 50627.56
3867 1285.19
3868 49478.29
3869 24388.18
3870 15734.64
3871 29977.41
3872 14225.68
3873 7439.09
3874 0.00
3875 1016.97
3876 71414.28
3877 16046.91
3878 8835.63
3879 0.00
3880 22230.38
3881 25442.70
3882 33418.91
3883 17603.73
3884 36678.26
3885 36549.56
3886 11380.55
3887 47028.78
3888 0.00
3889 40264.24
3890 0.00
3891 6885.81
3892 55585.44
3893 9459.97
3894 1249.76
3895 3190.84
3896 9031.68
3897 31838.85
3898 7069.77
3899 36885.53
3900 3881.85
3901 1981.00
3902 1045.53
3903 13397.06
3904 12763.08
3905 0.00
3906 43814.35
3907 17537.25
3908 84338.56
3909 23981.73
3910 55385.46
3911 5646.49
3912 57090.74
3913 0.00
3914 7701.01
3915 15586.72
3916 28311.09
3917 6431.81
3918 1981.00
3919 32953.38
3920 563.50
3921 20838.36
3922 35995.88
3923 52367.42
3924 26329.48
3925 12643.29
3926 21589.61
3927 24046.60
3928 20695.35
3929 27162.52
3930 0.00
3931 42945.42
3932 35496.79
3933 0.00
3934 17172.17
3935 7763.72
3936 67454.64
3937 12606.74
3938 20318.93
3939 33376.80
3940 0.00
3941 12452.69
3942 3437.64
3943 453.00
3944 24867.17
3945 2713.78
3946 14824.13
3947 23264.85
3948 0.00
3949 18503.65
3950 15988.51
3951 19561.68
3952 12487.15
3953 0.00
3954 5621.36
3955 9634.63
3956 17238.10
3957 3439.84
3958 19493.95
3959 18922.46
3960 25113.37
3961 10674.03
3962 4561.23
3963 44787.69
3964 32809.53
3965 28001.42
3966 21391.72
3967 23150.75
3968 0.00
3969 22526.40
3970 24872.91
3971 50065.56
3972 8048.32
3973 23970.46
3974 70290.67
3975 8605.52
3976 80583.23
3977 87536.54
3978 2303.81
3979 26309.27
3980 0.00
3981 38654.35
3982 9009.42
3983 10548.22
3984 23604.04
3985 62774.21
3986 0.00
3987 1795.36
3988 0.00
3989 0.00
3990 0.00
3991 62919.53
3992 9713.08
3993 48412.32
3994 8121.01
3995 93011.22
3996 4972.33
3997 7652.93
3998 16479.90
3999 42061.01
4000 24550.05
4001 0.00
4002 17778.35
4003 40275.99
4004 0.00
4005 6704.55
4006 5266.99
4007 17953.59
4008 0.00
4009 14807.83
4010 5525.67
4011 4848.57
4012 44918.41
4013 11369.99
4014 1981.50
4015 13417.11
4016 658.83
4017 4158.11
4018 48747.08
4019 63025.00
4020 14353.83
4021 25581.08
4022 0.00
4023 35062.28
4024 834.40
4025 32183.93
4026 17984.49
4027 25001.98
4028 9430.40
4029 674.44
4030 16424.07
4031 18425.19
4032 36581.79
4033 11665.01
4034 20444.93
4035 1469.23
4036 11836.15
4037 16548.55
4038 7516.25
4039 0.00
4040 31552.84
4041 43074.10
4042 51544.27
4043 0.00
4044 0.00
4045 59032.48
4046 34413.85
4047 42742.44
4048 7662.90
4049 59018.52
4050 0.00
4051 60129.20
4052 0.00
4053 1400.21
4054 0.00
4055 0.00
4056 10822.44
4057 45106.96
4058 31202.97
4059 13099.68
4060 24258.44
4061 7487.46
4062 9603.91
4063 28189.76
4064 66031.64
4065 8114.03
4066 47413.11
4067 16198.46
4068 7746.10
4069 16550.09
4070 14506.55
4071 30611.22
4072 0.00
4073 0.00
4074 11931.01
4075 0.00
4076 16616.70
4077 16771.41
4078 781.57
4079 14753.73
4080 5021.96
4081 11426.96
4082 38341.42
4083 48834.16
4084 0.00
4085 2647.48
4086 0.00
4087 11352.14
4088 19125.11
4089 995.64
4090 36649.32
4091 8239.58
4092 26352.65
4093 8086.52
4094 26387.82
4095 0.00
4096 5488.90
4097 4611.52
4098 52337.54
4099 0.00
4100 0.00
4101 14877.53
4102 15953.84
4103 24149.57
4104 74862.92
4105 98457.10
4106 41948.41
4107 0.00
4108 79962.36
4109 102082.20
4110 0.00
4111 1042.28
4112 22682.50
4113 3462.23
4114 61841.59
4115 35551.06
4116 7117.51
4117 0.00
4118 2859.77
4119 6799.45
4120 1207.55
4121 0.00
4122 8682.29
4123 27489.37
4124 46718.17
4125 19298.44
4126 13028.30
4127 0.00
4128 19524.14
4129 58857.25
4130 6478.01
4131 4759.54
4132 68388.00
4133 8452.33
4134 10915.36
4135 7567.05
4136 96438.27
4137 66966.20
4138 24123.08
4139 9448.26
4140 1654.89
4141 0.00
4142 37596.74
4143 0.00
4144 35267.86
4145 7256.49
4146 3576.70
4147 26261.27
4148 9728.44
4149 42074.78
4150 17465.43
4151 2459.70
4152 23950.74
4153 54843.54
4154 29145.42
4155 30977.57
4156 38949.60
4157 0.00
4158 884.46
4159 0.00
4160 21544.69
4161 2669.39
4162 0.00
4163 28211.14
4164 20128.92
4165 49153.98
4166 5067.82
4167 0.00
4168 17426.10
4169 957.57
4170 8216.30
4171 23381.25
4172 14977.04
4173 101483.20
4174 3157.68
4175 14073.38
4176 9682.78
4177 3029.48
4178 19139.32
4179 1708.87
4180 1981.00
4181 0.00
4182 22243.02
4183 5107.53
4184 1852.04
4185 19047.39
4186 0.00
4187 7239.47
4188 66674.73
4189 1951.01
4190 763.74
4191 4306.80
4192 24070.91
4193 1981.50
4194 15229.68
4195 48663.93
4196 11568.37
4197 12499.86
4198 1758.44
4199 0.00
4200 6783.77
4201 50976.98
4202 21924.77
4203 0.00
4204 3746.26
4205 20199.39
4206 28783.91
4207 0.00
4208 16125.09
4209 25591.29
4210 6534.82
4211 12586.01
4212 10859.63
4213 2709.21
4214 56106.09
4215 6652.36
4216 59153.99
4217 28782.15
4218 0.00
4219 13135.61
4220 26095.81
4221 11389.49
4222 51166.08
4223 0.00
4224 8620.25
4225 3673.84
4226 33004.45
4227 33671.54
4228 29329.41
4229 14031.09
4230 6369.26
4231 15886.80
4232 8750.86
4233 47370.60
4234 5181.25
4235 13176.84
4236 13837.27
4237 16172.92
4238 0.00
4239 659.76
4240 57071.91
4241 0.00
4242 4467.77
4243 14226.68
4244 220.30
4245 11758.93
4246 37247.49
4247 37370.59
4248 15863.12
4249 15794.38
4250 19332.22
4251 0.00
4252 1981.00
4253 0.00
4254 29280.15
4255 17188.43
4256 52895.94
4257 7658.12
4258 1124.25
4259 21192.79
4260 14438.64
4261 23079.99
4262 20408.14
4263 1332.11
4264 15775.65
4265 6609.71
4266 44356.63
4267 29653.64
4268 8710.18
4269 31875.39
4270 5216.31
4271 0.00
4272 0.00
4273 39169.42
4274 2226.43
4275 56772.43
4276 27736.12
4277 5332.58
4278 6380.25
4279 17167.56
4280 50817.00
4281 4471.28
4282 60109.55
4283 3534.02
4284 0.00
4285 33982.14
4286 909.69
4287 67611.30
4288 510.58
4289 0.00
4290 0.00
4291 35725.10
4292 26740.12
4293 20322.22
4294 143718.28
4295 35392.73
4296 0.00
4297 85214.69
4298 8662.10
4299 30367.85
4300 13955.42
4301 8353.58
4302 0.00
4303 9338.61
4304 478.77
4305 0.00
4306 512.05
4307 4919.02
4308 0.00
4309 19157.55
4310 14108.21
4311 2498.88
4312 0.00
4313 8118.70
4314 4275.65
4315 6791.53
4316 17400.96
4317 35190.54
4318 8234.29
4319 18841.33
4320 62877.05
4321 13546.52
4322 0.00
4323 39921.64
4324 11909.05
4325 25801.24
4326 16006.00
4327 6305.31
4328 12800.73
4329 0.00
4330 24693.21
4331 6321.93
4332 10951.55
4333 14760.31
4334 36710.11
4335 18569.03
4336 37622.77
4337 0.00
4338 37133.69
4339 81237.72
4340 0.00
4341 3655.12
4342 26886.09
4343 326.44
4344 8779.44
4345 1981.00
4346 17975.96
4347 682.21
4348 0.00
4349 15297.18
4350 0.00
4351 18307.45
4352 65124.44
4353 0.00
4354 69811.23
4355 0.00
4356 19126.94
4357 4181.29
4358 11941.47
4359 6931.59
4360 3473.97
4361 52589.78
4362 0.00
4363 1048.60
4364 28206.89
4365 112297.20
4366 3488.86
4367 0.00
4368 28417.17
4369 6248.43
4370 30987.82
4371 39577.99
4372 19520.26
4373 24935.51
4374 26760.46
4375 48433.93
4376 83491.91
4377 4261.43
4378 15034.82
4379 1485.82
4380 7905.78
4381 39419.74
4382 17659.33
4383 63889.70
4384 27488.29
4385 55208.46
4386 0.00
4387 18411.34
4388 34532.28
4389 55569.17
4390 0.00
4391 13490.31
4392 23814.19
4393 54066.58
4394 959.48
4395 0.00
4396 14438.58
4397 4831.97
4398 47042.02
4399 37944.59
4400 46355.92
4401 34406.20
4402 25142.08
4403 0.00
4404 23511.54
4405 4369.44
4406 17927.73
4407 24633.41
4408 23160.94
4409 42846.94
4410 11667.99
4411 8381.13
4412 38244.05
4413 10042.65
4414 0.00
4415 6331.19
4416 432.14
4417 9464.44
4418 12423.20
4419 32793.29
4420 15930.20
4421 0.00
4422 1253.53
4423 38482.65
4424 19008.03
4425 70496.35
4426 0.00
4427 0.00
4428 48521.75
4429 11436.96
4430 46077.47
4431 5266.74
4432 7101.29
4433 15356.84
4434 34730.38
4435 15339.96
4436 21559.65
4437 25367.73
4438 37365.46
4439 62703.96
4440 11181.85
4441 28050.01
4442 12917.12
4443 77594.75
4444 8024.20
4445 1341.94
4446 1336.40
4447 21196.01
4448 0.00
4449 68554.15
4450 44363.15
4451 0.00
4452 11020.88
4453 10074.98
4454 3117.44
4455 12452.60
4456 0.00
4457 16251.78
4458 2138.96
4459 38586.80
4460 23113.24
4461 12052.96
4462 55495.30
4463 36958.93
4464 2391.25
4465 4059.94
4466 16788.20
4467 2908.22
4468 21730.25
4469 10446.68
4470 8356.37
4471 20399.48
4472 28024.34
4473 0.00
4474 5424.07
4475 0.00
4476 16140.32
4477 0.00
4478 81953.51
4479 6241.60
4480 25220.15
4481 11294.97
4482 20070.91
4483 1889.47
4484 0.00
4485 10682.14
4486 60177.91
4487 23651.43
4488 0.00
4489 40949.42
4490 10318.42
4491 5686.03
4492 12750.95
4493 5727.22
4494 10127.95
4495 38687.98
4496 0.00
4497 8999.13
4498 13965.04
4499 0.00
4500 36607.76
4501 277.01
4502 51271.83
4503 21242.04
4504 50117.40
4505 7626.13
4506 16530.13
4507 12675.78
4508 12881.21
4509 0.00
4510 9978.65
4511 18217.04
4512 18457.89
4513 19237.19
4514 0.00
4515 30582.47
4516 18818.42
4517 12204.06
4518 16254.80
4519 12678.95
4520 25725.85
4521 32104.95
4522 4355.73
4523 26341.89
4524 17634.75
4525 12280.40
4526 15050.52
4527 25059.77
4528 15910.59
4529 2048.77
4530 21397.25
4531 0.00
4532 8180.81
4533 15432.52
4534 13604.14
4535 25000.50
4536 12522.38
4537 758.55
4538 28492.65
4539 1607.57
4540 0.00
4541 0.00
4542 33435.86
4543 23955.84
4544 18087.91
4545 53112.77
4546 0.00
4547 15051.52
4548 29506.65
4549 7497.95
4550 76026.43
4551 0.00
4552 18756.98
4553 9996.21
4554 12711.88
4555 62188.70
4556 9891.52
4557 4665.21
4558 0.00
4559 8918.79
4560 20468.89
4561 8086.46
4562 32781.59
4563 27062.21
4564 0.00
4565 0.00
4566 59780.41
4567 6821.73
4568 4868.30
4569 12808.65
4570 81648.10
4571 11608.58
4572 15875.84
4573 25112.08
4574 18238.15
4575 5348.37
4576 0.00
4577 4488.13
4578 931.13
4579 28681.07
4580 13939.85
4581 39639.13
4582 397.99
4583 27787.92
4584 3397.42
4585 84909.82
4586 29736.87
4587 2194.20
4588 0.00
4589 25566.83
4590 0.00
4591 2452.22
4592 1134.35
4593 17712.46
4594 14412.45
4595 0.00
4596 16627.93
4597 8970.83
4598 51900.75
4599 13879.72
4600 5327.76
4601 40549.99
4602 1185.82
4603 22155.45
4604 16556.74
4605 20673.47
4606 19132.15
4607 0.00
4608 24313.05
4609 31085.30
4610 16309.26
4611 57579.31
4612 12433.38
4613 8712.62
4614 32962.29
4615 22195.94
4616 38286.77
4617 23617.17
4618 30857.88
4619 26888.35
4620 30846.34
4621 0.00
4622 1468.28
4623 45803.76
4624 560.34
4625 0.00
4626 18284.82
4627 11049.84
4628 40168.77
4629 48765.02
4630 0.00
4631 2157.29
4632 35162.39
4633 0.00
4634 14903.97
4635 26876.17
4636 42198.68
4637 52958.89
4638 48253.55
4639 37401.55
4640 20153.89
4641 44792.51
4642 14083.79
4643 30038.34
4644 32957.43
4645 14095.93
4646 30886.70
4647 9641.97
4648 13170.57
4649 0.00
4650 5779.62
4651 0.00
4652 53055.09
4653 39277.66
4654 30917.05
4655 11861.16
4656 46732.02
4657 1832.81
4658 56742.85
4659 18166.29
4660 8492.75
4661 10106.36
4662 48728.03
4663 18632.59
4664 31235.83
4665 0.00
4666 26008.76
4667 29113.61
4668 12587.68
4669 33164.88
4670 34293.62
4671 723.86
4672 53774.41
4673 39354.30
4674 26589.13
4675 47674.98
4676 18707.00
4677 17470.60
4678 6939.58
4679 1573.28
4680 95745.82
4681 11552.24
4682 3962.00
4683 28710.97
4684 4573.21
4685 0.00
4686 7476.48
4687 29348.72
4688 4600.18
4689 1344.30
4690 29185.45
4691 1043.47
4692 21468.80
4693 9215.25
4694 38151.50
4695 2201.89
4696 135904.64
4697 29149.26
4698 54367.60
4699 6136.80
4700 20279.65
4701 45015.20
4702 26753.64
4703 6968.46
4704 0.00
4705 89138.83
4706 13859.79
4707 0.00
4708 747.88
4709 52311.34
4710 0.00
4711 17403.04
4712 30887.42
4713 24357.66
4714 2793.53
4715 6737.49
4716 10475.97
4717 14037.01
4718 30666.36
4719 4844.99
4720 17270.92
4721 52898.79
4722 22889.13
4723 21196.29
4724 0.00
4725 2491.48
4726 21976.92
4727 43940.65
4728 10325.77
4729 28386.83
4730 11254.17
4731 15296.92
4732 23661.81
4733 10060.07
4734 16172.69
4735 0.00
4736 908.02
4737 13481.90
4738 733.61
4739 0.00
4740 8507.20
4741 4894.27
4742 33719.15
4743 7619.42
4744 24283.20
4745 0.00
4746 1981.50
4747 27916.45
4748 16238.26
4749 25943.21
4750 8554.71
4751 28316.27
4752 7805.94
4753 0.00
4754 13744.43
4755 20765.57
4756 10010.94
4757 8178.96
4758 0.00
4759 0.00
4760 0.00
4761 62429.47
4762 50055.65
4763 64224.84
4764 85265.51
4765 88787.75
4766 58919.58
4767 34488.80
4768 19733.34
4769 27646.51
4770 81567.58
4771 4122.51
4772 32084.92
4773 17596.03
4774 145.73
4775 2261.31
4776 40573.08
4777 22148.24
4778 7594.40
4779 21862.81
4780 9076.56
4781 6997.01
4782 31396.31
4783 14534.13
4784 0.00
4785 515.71
4786 7209.34
4787 5363.04
4788 37053.69
4789 49644.11
4790 23400.25
4791 0.00
4792 14850.99
4793 85875.43
4794 0.00
4795 14320.29
4796 7475.59
4797 27009.38
4798 0.00
4799 25447.58
4800 9900.14
4801 56803.76
4802 10085.90
4803 17240.71
4804 22764.85
4805 46570.28
4806 17724.77
4807 17287.70
4808 0.00
4809 48470.67
4810 65786.24
4811 25492.87
4812 36123.92
4813 21306.67
4814 42788.05
4815 17286.84
4816 2947.99
4817 65446.24
4818 10912.44
4819 1957.89
4820 0.00
4821 55668.95
4822 33978.99
4823 18949.88
4824 29848.41
4825 12933.42
4826 18125.42
4827 1595.72
4828 48600.97
4829 6598.25
4830 16323.22
4831 39263.72
4832 83099.71
4833 13807.35
4834 61572.90
4835 10066.92
4836 66163.68
4837 20989.88
4838 3524.19
4839 14816.06
4840 3931.10
4841 9431.52
4842 10329.20
4843 3281.84
4844 12786.14
4845 0.00
4846 27279.46
4847 18153.75
4848 62938.13
4849 14705.24
4850 18482.79
4851 12349.37
4852 24335.31
4853 63150.68
4854 31733.34
4855 35897.47
4856 6303.30
4857 47019.18
4858 1416.96
4859 0.00
4860 2617.50
4861 6652.36
4862 0.00
4863 2090.78
4864 22413.30
4865 18435.84
4866 53322.73
4867 44335.22
4868 35699.12
4869 0.00
4870 17209.75
4871 11204.84
4872 21574.73
4873 1383.00
4874 2938.02
4875 14104.66
4876 39282.65
4877 24619.92
4878 20267.01
4879 5975.97
4880 23260.74
4881 3007.70
4882 0.00
4883 15545.76
4884 0.00
4885 0.00
4886 46891.39
4887 78436.55
4888 11241.68
4889 49421.97
4890 52260.85
4891 17484.44
4892 0.00
4893 42389.85
4894 0.00
4895 26867.63
4896 23528.29
4897 13417.77
4898 114953.58
4899 13068.49
4900 86979.13
4901 11047.74
4902 8484.27
4903 27343.15
4904 17124.35
4905 11494.26
4906 15208.61
4907 1290.67
4908 0.00
4909 22799.90
4910 33706.23
4911 27560.65
4912 2814.54
4913 0.00
4914 38584.25
4915 45196.24
4916 69051.64
4917 2104.85
4918 775.86
4919 0.00
4920 38725.86
4921 23586.44
4922 0.00
4923 13223.63
4924 51282.75
4925 39874.98
4926 3054.23
4927 36476.21
4928 864.73
4929 23263.08
4930 52443.75
4931 14253.46
4932 27999.94
4933 25035.38
4934 0.00
4935 0.00
4936 1340.05
4937 0.00
4938 20573.16
4939 12482.71
4940 42191.41
4941 1088.48
4942 31322.14
4943 13901.62
4944 9127.42
4945 0.00
4946 20828.19
4947 449.04
4948 0.00
4949 16055.23
4950 21389.86
4951 19867.71
4952 4632.63
4953 18473.78
4954 1036.03
4955 19589.72
4956 28465.91
4957 24063.90
4958 40124.65
4959 12781.61
4960 15359.06
4961 34695.99
4962 0.00
4963 10108.88
4964 9662.55
4965 10158.15
4966 22192.02
4967 0.00
4968 12019.40
4969 50952.74
4970 14423.40
4971 0.00
4972 55021.44
4973 0.00
4974 142625.45
4975 20864.25
4976 36690.77
4977 1243.50
4978 18255.04
4979 7205.66
4980 9498.31
4981 5367.30
4982 11703.23
4983 16155.01
4984 5149.06
4985 26624.10
4986 3066.14
4987 57506.55
4988 21148.84
4989 7501.58
4990 23026.09
4991 1109.12
4992 13627.31
4993 10580.74
4994 22376.30
4995 0.00
4996 52129.29
4997 34826.17
4998 20948.00
4999 16424.43
Execution time: 682.4450 ms
